0
0
0
0
0
0
0
0
0
0
0
0
0
0
0
0
0
0
0
0
0
0
0
0
0
0
0
0
0
0
0
0
0
0
0
0
0
0
0
0
0
0
0
0
0
0
0
0
0
0
0
0
0
0
0
0
0
0
0
0
0
0
0
0
0
0
0
0
0
0
0
0
0
0
0
0
0
0
0
0
0
0
0
0
0
0
0
0
0
0
0
0
0
0
0
0
0
0
0
0
0
0
0
0
0
0
0
0
0
0
0
0
0
0
0
0
0
0
0
0
0
0
0
0
0
0
0
0
0
0
0
0
0
0
0
0
0
0
0
0
0
0
0
0
0
0
0
0
0
0
0
0
0
0
0
0
0
0
0
0
0
0
0
0
0
0
0
0
0
0
0
0
0
0
0
0
0
0
0
0
0
0
0
0
0
0
0
0
0
0
0
0
0
0
0
0
0
0
0
0
0
0
0
0
0
0
0
0
0
0
0
0
0
0
0
0
0
0
0
0
0
0
0
0
0
0
0
0
0
0
0
0
0
0
0
0
0
0
0
0
0
0
0
0
0
0
0
0
0
0
0
0
0
0
0
0
0
0
0
0
0
0
0
0
0
0
0
0
0
0
0
0
0
0
0
0
0
0
0
0
0
0
0
0
0
0
0
0
0
0
0
0
0
0
0
0
0
0
0
0
0
0
0
0
0
0
0
0
0
0
0
0
0
0
0
0
0
0
0
0
0
0
0
0
0
0
0
0
0
0
0
0
0
0
0
0
0
0
0
0
0
0
0
0
0
0
0
0
0
0
0
0
0
0
0
0
0
0
0
0
0
0
0
0
0
0
0
0
0
0
0
0
0
0
0
0
0
0
0
0
0
0
0
0
0
0
0
0
0
0
0
0
0
0
0
0
0
0
0
0
0
0
0
0
0
0
0
0
0
0
0
0
0
0
0
0
0
0
0
0
0
0
0
0
0
0
0
0
0
0
0
0
0
0
0
0
0
0
0
0
0
0
0
0
0
0
0
0
0
0
0
0
0
0
0
0
0
0
0
0
0
0
0
0
0
0
0
0
0
0
0
0
0
0
0
0
0
0
0
0
0
0
0
0
0
0
0
0
0
0
0
0
0
0
0
0
0
0
0
0
0
0
0
0
0
0
0
0
0
0
0
0
0
0
0
0
0
0
0
0
0
0
0
0
0
0
0
0
0
0
0
0
0
0
0
0
0
0
0
0
0
0
0
0
0
0
0
0
0
0
0
0
0
0
0
0
0
0
0
0
0
0
0
0
0
0
0
0
0
0
0
0
0
0
0
0
0
0
0
0
0
0
0
0
0
0
0
0
0
0
0
0
0
0
0
0
0
0
0
0
0
0
0
0
0
0
0
0
0
0
0
0
0
0
0
0
0
0
0
0
0
0
0
0
0
0
0
0
0
0
0
0
0
0
0
0
0
0
0
0
0
0
0
0
0
0
0
0
0
0
0
0
0
0
0
0
0
0
0
0
0
0
0
0
0
0
0
0
0
0
0
0
0
0
0
0
0
0
0
0
0
0
0
0
0
0
0
0
0
0
0
0
0
0
0
0
0
0
0
0
0
0
0
0
0
0
0
0
0
0
0
0
0
0
0
0
0
0
0
0
0
0
0
0
0
0
0
0
0
0
0
0
0
0
0
0
0
0
0
0
0
0
0
0
0
0
0
0
0
0
0
0
0
0
0
0
0
0
0
0
0
0
0
0
0
0
0
0
0
0
0
0
0
0
0
0
0
0
0
0
0
0
0
0
0
0
0
0
0
0
0
0
0
0
0
0
0
0
0
0
0
0
0
0
0
0
0
0
0
0
0
0
0
0
0
0
0
0
0
0
0
0
0
0
0
0
0
0
0
0
0
0
0
0
0
0
0
0
0
0
0
0
0
0
0
0
0
0
0
0
0
0
0
0.004480899
0.0166563
0.06835877
0.09085607
0.1316566
0.16910236
0.16744958
0.16737282
0.14707533
0.1495217
0.15321866
0.16004649
0.13930051
0.13035889
0.21780092
0.10665138
0.10036784
0.11762535
0.10292458
0.11978556
0.13104944
0.31500417
0.3079808
0.25262332
0.20143685
0.16870683
0.1237224
0.10301316
0.12759662
0.16150162
0.17169113
0.20717375
0.28294972
0.28651452
0.27943325
0.28891134
0.27522975
0.25358883
0.22210315
0.23143962
0.2559434
0.11820323
0.28245977
0.37880895
0.2984619
0.27611712
0.25675622
0.3321044
0.27638504
0.2804669
0.30811438
0.3223454
0.24863765
0.22657761
0.19383658
0.47297388
0.3677278
0.40272793
0.3408147
0.30977988
0.31087074
0.3429187
0.34421673
0.3200877
0.28556448
0.27350655
0.29650766
0.22158779
0.38691956
0.31673786
0.30204242
0.26590076
0.33062673
0.3568917
0.35102162
0.25324038
0.24703413
0.22780947
0.24729724
0.2177701
0.35202873
0.41125685
0.3379802
0.34542346
0.32528946
0.32327768
0.32902354
0.40101025
0.43344742
0.20151964
0.18769732
0.26672637
0.2214102
0.07501276
0.46667266
0.35038927
0.106294364
0.362497
0.3689343
0.21600461
0.2528029
0.3053011
0.2531308
0.26899183
0.28123584
0.23324133
0.15912278
0.30361298
0.40429112
0.2596492
0.2247481
0.23902169
0.20604405
0.20824201
0.1489574
0.16656359
0.16510727
0.13107836
0.13188736
0.11301997
0.1107353
0.19609295
0.18091439
0.18572137
0.19329812
0.21135177
0.23577696
0.35682964
0.3534903
0.3785494
0.35847914
0.339399
0.32079238
0.33754742
0.33587363
0.29180092
0.28674427
0.3333572
0.33797196
0.29833034
0.288833
0.33599997
0.3139281
0.3112368
0.26279783
0.26916954
0.2177666
0.35491204
0.47982693
0.39973995
0.38808686
0.36548665
0.28346917
0.31490216
0.2588385
0.18948776
0.19167545
0.22811314
0.22888018
0.21563208
0.23205161
0.448522
0.41630292
0.38684377
0.32871005
0.2835088
0.29897302
0.2624789
0.24588346
0.24641338
0.23598085
0.18950716
0.12245704
0.19386458
0.38127822
0.407654
0.3258317
0.26325178
0.3416851
0.30815268
0.37235624
0.35951012
0.42552397
0.394706
0.39290237
0.3680349
0.38922727
0.35128585
0.3357851
0.37080598
0.36876264
0.34041172
0.24591234
0.2705599
0.36117938
0.19896656
0.16323577
0.12798594
0.15879421
0.15499279
0.23798612
0.24089108
0.2131506
0.16815868
0.19016634
0.15306439
0.1677671
0.24628332
0.23624504
0.19747654
0.18475257
0.20077965
0.12205169
0.22344692
0.22301286
0.21049614
0.15965468
0.20653117
0.2345382
0.19987202
0.15955098
0.18069074
0.12819488
0.09784209
0.1102535
0.17176598
0.17343894
0.34567824
0.34915805
0.29039103
0.24140133
0.2344394
0.25114593
0.37602556
0.3127698
0.26335973
0.25975218
0.24177024
0.24853845
0.22944641
0.35377917
0.31676635
0.33000496
0.2932116
0.286942
0.2685239
0.23834096
0.20947501
0.24268727
0.22014278
0.20380862
0.17723176
0.18081279
0.24223988
0.2915192
0.29106244
0.29840612
0.27816314
0.23964478
0.31709427
0.45604032
0.35361704
0.23803154
0.27329385
0.22501978
0.240137
0.24039735
0.2240251
0.22935244
0.25509664
0.2278569
0.23676081
0.2171261
0.22454968
0.20950249
0.21424219
0.21309096
0.18427405
0.15931123
0.19171534
0.34048453
0.28113425
0.2655323
0.26209095
0.20862693
0.15943311
0.2792526
0.39082298
0.39174145
0.34580243
0.39391127
0.37151915
0.342245
0.5194433
0.5452671
0.45082915
0.41281354
0.46181583
0.40288684
0.3161146
0.28337294
0.54010326
0.32469016
0.19853094
0.4037175
0.27197856
0.32270244
0.50218046
0.17923334
0.34837934
0.46835375
0.3068461
0.14387795
0.28396425
0.19617027
0.17799243
0.24718869
0.18427835
0.18703681
0.16643997
0.2370645
0.30239224
0.32529843
0.32645103
0.2559004
0.30755523
0.2996746
0.30383375
0.2228876
0.23829526
0.16819453
0.1780777
0.13415639
0.343295
0.36674976
0.3727938
0.35050565
0.30883598
0.31736043
0.5056699
0.46913224
0.43858993
0.46011195
0.4017172
0.32765475
0.33777624
0.4410568
0.47007433
0.3359893
0.2876978
0.26532507
0.2995024
0.26671737
0.26462433
0.25409955
0.263249
0.23620892
0.2209411
0.1919063
0.30857438
0.337855
0.37289527
0.34602746
0.34691352
0.2705811
0.3064136
0.36734024
0.2771488
0.29923025
0.28300408
0.27875954
0.26386464
0.38253704
0.41316333
0.335305
0.38118836
0.3620523
0.3395604
0.290072
0.28334945
0.26818055
0.22583178
0.18149354
0.17549731
0.15606421
0.13160737
0.28834125
0.22642958
0.21244957
0.23900451
0.23363414
0.19384702
0.31816596
0.23725586
0.20269404
0.21565889
0.22415029
0.21979433
0.26350477
0.5491471
0.45084643
0.4354576
0.34269553
0.38130414
0.3329959
0.31946084
0.36315864
0.28609785
0.19740945
0.17114557
0.13058156
0.17682627
0.15680122
0.19916576
0.26482305
0.22370559
0.23701848
0.2731877
0.27708304
0.4306644
0.3939748
0.35734355
0.37630266
0.3781192
0.17253344
0.2633522
0.39640865
0.351135
0.30097255
0.33810708
0.36059725
0.3997076
0.36714146
0.38011196
0.31803155
0.28300175
0.21575543
0.19745119
0.1915046
0.31003824
0.21279441
0.1818037
0.17418347
0.20337398
0.17027126
0.27378434
0.2983667
0.2411151
0.20603023
0.2263504
0.20933133
0.21440116
0.513924
0.54221135
0.49390927
0.43699095
0.35629463
0.30756953
0.30509886
0.2709281
0.23794179
0.22087145
0.24956572
0.22277524
0.23393357
0.3886193
0.39861447
0.3642448
0.32126746
0.3105066
0.29127735
0.27573952
0.26748547
0.31141642
0.28971884
0.26031741
0.20188959
0.1802605
0.1458481
0.42461053
0.31611356
0.2840586
0.2967441
0.29666638
0.25900143
0.19302592
0.1609361
0.13708745
0.11581127
0.075900055
0.099264756
0.11758382
0.18086646
0.23631571
0.21073195
0.20413652
0.21179923
0.17604789
0.15697291
0.24252416
0.18448442
0.20861594
0.23102033
0.24528775
0.20972078
0.24376354
0.30071044
0.2788938
0.23183091
0.24156824
0.20058683
0.18185198
0.15981245
0.29499915
0.25902188
0.1530258
0.13262142
0.19346663
0.12771724
0.25136107
0.21935274
0.19737624
0.14221649
0.1399178
0.14391054
0.23473305
0.17268881
0.17012534
0.21925312
0.15351352
0.17387398
0.2849099
0.3678242
0.29845724
0.31913227
0.2767
0.30354407
0.30614948
0.27027974
0.22559963
0.22816962
0.19577473
0.19975908
0.16178931
0.17223592
0.14869002
0.15089372
0.12384709
0.11710669
0.105421655
0.14579242
0.2156199
0.17019922
0.1433171
0.14216357
0.15708105
0.16751541
0.18697478
0.33775336
0.26419348
0.21565963
0.21045922
0.16989376
0.18525791
0.18279357
0.17912675
0.14013028
0.14577794
0.14951368
0.13560638
0.13051465
0.35959393
0.36532074
0.29459664
0.24812406
0.24211517
0.22903726
0.27759236
0.17759916
0.17745507
0.16352575
0.16666932
0.16795924
0.1737244
0.33197644
0.30365515
0.3043428
0.29857045
0.31687266
0.30053836
0.29624844
0.30074933
0.28437528
0.2586735
0.19719507
0.21743706
0.1982159
0.18766315
0.22227667
0.24273634
0.25585493
0.21622856
0.21022439
0.20112924
0.23448841
0.22461453
0.20946775
0.20764242
0.18386833
0.2001071
0.23165725
0.20537114
0.21248598
0.20489025
0.22275348
0.15532586
0.08386618
0.33310428
0.3798568
0.24346119
0.2581945
0.22764504
0.18208735
0.20119463
0.33210197
0.2528425
0.20463039
0.21796453
0.20219879
0.17556089
0.23912497
0.30336544
0.2722696
0.21464486
0.23640907
0.14578784
0.2459615
0.20065062
0.28041983
0.2085025
0.28288713
0.24270734
0.26472104
0.22777826
0.23314893
0.24352811
0.21940671
0.21206266
0.2584754
0.25279838
0.2616004
0.29643777
0.3318704
0.28819126
0.27562308
0.22184898
0.32641515
0.5433395
0.51470363
0.39735636
0.47052124
0.41758603
0.399263
0.35985488
0.6470807
0.6661785
0.5668161
0.40946645
0.46889052
0.48297453
0.41512528
0.31595352
0.3281697
0.32386774
0.29529095
0.22002377
0.2551513
0.4654665
0.60091686
0.4589004
0.41138718
0.39750385
0.387814
0.44248107
0.37862214
0.36309958
0.32211894
0.2810861
0.2433279
0.2294233
0.37725088
0.46019283
0.39902312
0.3721125
0.32228804
0.28394192
0.2576738
0.2538371
0.21536903
0.1628003
0.15481372
0.09667197
0.10708833
0.13688396
0.29366225
0.25572038
0.25607398
0.24250893
0.18519929
0.16857131
0.36796004
0.37546253
0.31818506
0.35411593
0.34688166
0.3240401
0.3339242
0.49853367
0.4811995
0.37464958
0.3095466
0.36234605
0.2781377
0.26315984
0.1711809
0.16257067
0.23493722
0.1906131
0.15605049
0.10359881
0.18468714
0.26564372
0.23700623
0.25752443
0.26252267
0.16363353
0.1772767
0.1936313
0.21104142
0.12560238
0.12147046
0.11176269
0.07770351
0.2390252
0.34493455
0.3059563
0.28060827
0.26277986
0.2398311
0.2446396
0.20537838
0.20590298
0.1712782
0.17159426
0.16618448
0.18474069
0.17245086
0.18376593
0.15117773
0.16270703
0.14520824
0.12228945
0.09438287
0.16166456
0.14112677
0.14527847
0.1458495
0.15759492
0.15344742
0.1929953
0.28226408
0.24060635
0.28281197
0.30374473
0.33269176
0.3273179
0.30713567
0.2723019
0.27803636
0.281255
0.25974435
0.24698694
0.28688478
0.5307269
0.45824578
0.39881483
0.32943746
0.37360522
0.3373422
0.33323935
0.37110052
0.37700757
0.34063372
0.31752014
0.26184052
0.34159672
0.29576832
0.26833627
0.29351765
0.28641567
0.24129565
0.28323817
0.27030042
0.24508317
0.19975299
0.19494466
0.20843883
0.17855504
0.16182221
0.255568
0.2828017
0.25300533
0.18046354
0.15769887
0.16495563
0.20546624
0.32946613
0.29893875
0.24934907
0.26020285
0.23482963
0.23239419
0.32178324
0.29521248
0.27029905
0.25496474
0.26047862
0.2737567
0.23849219
0.31291273
0.28504828
0.21924435
0.17526923
0.16428141
0.12977545
0.19224541
0.30443835
0.22297363
0.20355435
0.25523296
0.19284184
0.17230242
0.35128736
0.23617464
0.27167565
0.16703817
0.22385414
0.12658393
0.13046545
0.25112244
0.17621191
0.133166
0.12988481
0.17769997
0.18299778
0.18085931
0.15993594
0.11693352
0.12754437
0.12290134
0.092674136
0.05645619
0.089944914
0.112659514
0.12907942
0.12855943
0.14459021
0.13779344
0.14735357
0.2430782
0.2082936
0.14837961
0.13759166
0.16941896
0.13427861
0.16523543
0.3103669
0.20982826
0.20179524
0.20011702
0.1740986
0.17035821
0.1646823
0.15353721
0.14036825
0.112030424
0.084348544
0.08156733
0.05233917
0.11754257
0.10903629
0.10825687
0.105548844
0.07968581
0.08565694
0.11771619
0.09089447
0.120394856
0.11490753
0.10629353
0.11322715
0.09111318
0.12467897
0.32650083
0.27439374
0.26546282
0.23363838
0.27388898
0.26352954
0.24769706
0.26614723
0.21442236
0.15684326
0.15877743
0.13133591
0.17335357
0.22230615
0.20136902
0.21742068
0.19875325
0.18311346
0.18931527
0.21870849
0.16250299
0.12290719
0.122127265
0.089400366
0.09030586
0.10579418
0.13478364
0.11807582
0.1517016
0.15425764
0.15696134
0.16811886
0.12594114
0.10407168
0.12845173
0.15112397
0.12768994
0.13534717
0.131716
0.19517164
0.17939207
0.16558948
0.14949045
0.16010089
0.14660805
0.19149603
0.19431454
0.14767593
0.12624314
0.15869166
0.106332056
0.16299939
0.51030487
0.6181926
0.504932
0.6390439
0.54335946
0.49902204
0.5148795
0.5218845
0.4777546
0.48563802
0.53633094
0.5368497
0.58778995
0.5073175
0.6447984
0.56024206
0.4556285
0.5132258
0.5387698
0.49029487
0.5366091
0.50431097
0.39200306
0.42053717
0.40661526
0.39549094
0.30783466
0.3781185
0.35802063
0.36199015
0.34303197
0.42177722
0.38069862
0.35817996
0.37716144
0.42319873
0.4061821
0.29957053
0.29070887
0.1887623
0.30206376
0.2742013
0.25521323
0.28149414
0.27464658
0.29294717
0.21049903
0.32176873
0.2165085
0.13707212
0.16614357
0.082542665
0.07197249
0.20110832
0.23310924
0.2068032
0.18892844
0.17548198
0.20758046
0.17223509
0.1683799
0.1540034
0.13327095
0.14646855
0.106057405
0.12132863
0.12767932
0.15918769
0.12101488
0.14681901
0.13649742
0.14602591
0.22381867
0.21453518
0.20133647
0.18246359
0.20082574
0.14422566
0.17435247
0.1409372
0.2750103
0.22561097
0.22555192
0.21091937
0.20344497
0.21293154
0.19370829
0.20322935
0.17154916
0.20759104
0.15110739
0.17810208
0.19031516
0.23395431
0.22471564
0.21198575
0.22961468
0.17678289
0.20570543
0.1872147
0.20563203
0.15414965
0.1847312
0.14684448
0.159225
0.12668662
0.31498972
0.31535783
0.35292274
0.2859268
0.20557885
0.24587066
0.21240914
0.20249842
0.20050764
0.15128113
0.17732888
0.13636822
0.113853276
0.1148473
0.13837641
0.13234825
0.11943926
0.12966107
0.13755657
0.2025633
0.3454993
0.3339282
0.30647016
0.25797185
0.27463987
0.2527519
0.22678827
0.2697175
0.2457693
0.21795318
0.1962379
0.19539006
0.20835519
0.20383583
0.19844402
0.21071935
0.19246125
0.17048974
0.15799765
0.19220488
0.44072798
0.39073
0.38406318
0.39107102
0.32989484
0.30834004
0.4967709
0.44072875
0.33896074
0.308774
0.29429388
0.30241263
0.26037022
0.39214316
0.3714336
0.38571116
0.3449691
0.35166344
0.3029744
0.34202516
0.3535062
0.34131292
0.29141676
0.34319115
0.30736968
0.24498892
0.31292585
0.23857854
0.23114519
0.23829305
0.25534347
0.237125
0.30657908
0.35017008
0.34666884
0.33175454
0.31591034
0.3543478
0.36983845
0.4769022
0.5450462
0.4757556
0.42015657
0.40402755
0.3751144
0.26533797
0.25729284
0.35585546
0.29076347
0.21633261
0.15917332
0.23110332
0.24199635
0.39088947
0.29249996
0.29858106
0.30732793
0.16751648
0.17752877
0.23185822
0.2431266
0.14397153
0.2420094
0.1789842
0.16997576
0.113837056
0.28069082
0.21432328
0.20666362
0.1442187
0.15551703
0.1877617
0.1786201
0.162507
0.20354268
0.20584153
0.21752346
0.17146912
0.14695789
0.20864551
0.31574252
0.30995026
0.21275975
0.27218655
0.26765192
0.34577984
0.3197761
0.2877407
0.3021919
0.32667422
0.28868443
0.2763185
0.22813086
0.20253702
0.19025907
0.15710108
0.17303278
0.15659189
0.14084117
0.12264846
0.1157326
0.11034341
0.14003356
0.13071696
0.1180853
0.16399992
0.33334225
0.31762952
0.30537125
0.29171485
0.2476066
0.23356897
0.30383623
0.2546245
0.23273657
0.23710889
0.20931612
0.1943064
0.22787005
0.33598793
0.35864782
0.32654196
0.31370085
0.24942105
0.2843857
0.26403978
0.24940512
0.19175085
0.2133155
0.19694677
0.16870536
0.12004755
0.15319492
0.18248054
0.18327715
0.18083051
0.12818396
0.1541257
0.38111854
0.4517062
0.38976195
0.35220546
0.31223378
0.31012374
0.29507285
0.32398444
0.29437208
0.2862229
0.26771137
0.19348894
0.20408207
0.23546939
0.25085306
0.18602754
0.26396617
0.18635425
0.1785893
0.13696115
0.1915585
0.25821885
0.21568055
0.14598398
0.20963861
0.14876509
0.19728366
0.22694734
0.17937157
0.1823723
0.18083753
0.18849155
0.13928814
0.1446619
0.3938728
0.445604
0.59991926
0.5745057
0.6029946
0.73585874
0.75313413
0.84439594
0.7898059
0.84850353
0.85737497
0.8348644
0.85737497
0.85737497
0.85737497
0.85737497
0.85737497
0.85737497
0.85737497
0.85737497
0.85114574
0.7920066
0.67692417
0.5330056
0.5999964
0.5655155
0.3972017
0.48118928
0.3988386
0.38585973
0.37179142
0.32660198
0.4314897
0.38754895
0.4017602
0.4607774
0.37021244
0.37004364
0.5439843
0.36811596
0.5673513
0.5835283
0.6997662
0.7526265
0.56442666
0.69208336
0.6850018
0.5497493
0.78404975
0.68288064
0.6440663
0.85737497
0.570696
0.4937347
0.33145127
0.25999427
0.27982548
0.22142845
0.21418047
0.18658008
0.18850091
0.20033967
0.16855006
0.15865797
0.16939558
0.18688624
0.28048295
0.3714511
0.31948987
0.29695943
0.23661187
0.27656144
0.2790511
0.31839725
0.31039333
0.29612443
0.24943057
0.22778097
0.15040383
0.14156133
0.14818805
0.11678612
0.097757034
0.106850125
0.111645505
0.15308234
0.20104212
0.23700346
0.13211715
0.2196618
0.15850328
0.13691835
0.13184363
0.19038695
0.28416213
0.18293665
0.1920495
0.22742383
0.19518048
0.21345997
0.21091151
0.16252884
0.2245241
0.16794512
0.1583575
0.074003994
0.08572649
0.08294159
0.050517946
0.057762403
0.06891412
0.06731022
0.06659642
0.0967591
0.10170217
0.1016291
0.07866202
0.1159432
0.08329576
0.19476695
0.20292656
0.14156081
0.13863498
0.13837942
0.1277343
0.12656717
0.11605203
0.12632905
0.1056932
0.106985405
0.107712165
0.09511425
0.1226425
0.18015756
0.16154431
0.13614056
0.1296278
0.115326986
0.13394623
0.12696196
0.12535296
0.11768105
0.12653327
0.11366797
0.09643873
0.188427
0.25422576
0.2357714
0.21850614
0.1956202
0.16159517
0.2027455
0.23582481
0.2505285
0.22162461
0.21826704
0.201389
0.17965062
0.16147201
0.2144166
0.20802763
0.19713295
0.18785545
0.19865297
0.18322898
0.15476601
0.14728308
0.14944014
0.14435378
0.13959259
0.10793746
0.09900075
0.1552355
0.15472758
0.14119503
0.13024272
0.15151133
0.1864014
0.24523735
0.27252546
0.22665489
0.17591305
0.16775157
0.124982834
0.10786905
0.19041292
0.19785856
0.16498044
0.17418082
0.19635384
0.18620262
0.30260792
0.27233484
0.22948119
0.21441087
0.15903316
0.19485122
0.16806844
0.15049201
0.25535044
0.20397449
0.18560001
0.22457032
0.12819995
0.16080892
0.16426218
0.16375136
0.14409706
0.098899715
0.121404335
0.099812366
0.85737497
0.5900789
0.83893675
0.85737497
0.6358083
0.85737497
0.79280645
0.80359966
0.85737497
0.7938569
0.85737497
0.85737497
0.7433257
0.85737497
0.7572724
0.85737497
0.85737497
0.85737497
0.85737497
0.85737497
0.4897631
0.32414654
0.32513
0.3669405
0.37494174
0.42777392
0.5161423
0.5901685
0.6890436
0.85737497
0.73694617
0.85737497
0.7396144
0.85737497
0.85737497
0.84830076
0.85737497
0.85737497
0.85737497
0.85737497
0.6821489
0.660758
0.6682886
0.82143134
0.6643588
0.774171
0.85737497
0.7858145
0.85737497
0.85737497
0.85737497
0.85737497
0.85737497
0.72999406
0.5088317
0.450556
0.39860427
0.3845964
0.34548765
0.29986227
0.3386848
0.2919647
0.2809534
0.22416759
0.2518298
0.195943
0.18146068
0.43278712
0.4272397
0.31067023
0.37289742
0.34352043
0.34822327
0.37601286
0.4046623
0.41991523
0.39329398
0.322598
0.3187357
0.36489263
0.40967554
0.34597296
0.30398938
0.30213624
0.26265213
0.177271
0.26001424
0.13662167
0.2816333
0.2698728
0.10722941
0.20604463
0.18813868
0.06774661
0.21264721
0.29168236
0.13807648
0.22858523
0.23937808
0.21471205
0.17857908
0.21353987
0.16091312
0.1773485
0.1453697
0.13358463
0.12901483
0.16869444
0.17149416
0.13832867
0.14137441
0.10204733
0.11856889
0.12914746
0.14250228
0.15198486
0.18569158
0.17028259
0.15547207
0.21669978
0.29912534
0.3232395
0.2858034
0.31116953
0.3387367
0.2992029
0.38977122
0.39339447
0.34548092
0.33246267
0.29812613
0.29443187
0.29903677
0.19227895
0.19070934
0.15877502
0.1648887
0.17874712
0.18327175
0.1792512
0.18864186
0.17110886
0.19900143
0.21458098
0.18690646
0.17104152
0.29984176
0.3590894
0.3192508
0.23936889
0.25759917
0.19625989
0.17089504
0.18415387
0.16361268
0.12999552
0.11673903
0.09340392
0.11148066
0.104666226
0.23532806
0.20319204
0.18208219
0.2020018
0.18041734
0.17908326
0.14538491
0.16553418
0.14301302
0.14418942
0.11654658
0.11009244
0.065418296
0.13542727
0.12409448
0.12615046
0.1423434
0.13493297
0.12532972
0.18268888
0.19008707
0.20787092
0.223339
0.2420068
0.25016978
0.22853494
0.31630707
0.24702045
0.23188101
0.22221054
0.2286622
0.20176245
0.2710607
0.29068857
0.17196909
0.18933949
0.121334404
0.12938681
0.12193517
0.13094653
0.24943756
0.19135717
0.19001977
0.22198531
0.13422318
0.21015984
0.21298651
0.21153432
0.19702756
0.20150751
0.17694364
0.7292323
0.6904903
0.82956785
0.7496272
0.7804184
0.6816413
0.7264612
0.79554296
0.8518899
0.7618375
0.79550004
0.71433544
0.8002116
0.8261732
0.8396563
0.7253072
0.76720524
0.66992134
0.7240045
0.58542216
0.4326889
0.33273783
0.4547343
0.5634553
0.73082536
0.7474341
0.7275708
0.7102739
0.72976124
0.7228847
0.7680329
0.76870894
0.73903453
0.7279956
0.6970111
0.73999983
0.7617614
0.7385054
0.673071
0.6536019
0.633832
0.69831413
0.702883
0.700391
0.60766226
0.61950594
0.5871639
0.628728
0.5832101
0.61258864
0.51875544
0.50148964
0.47690302
0.5537219
0.5385481
0.5622634
0.46309787
0.46982956
0.410758
0.47781837
0.45244533
0.4264411
0.38146597
0.39341658
0.3283768
0.39208946
0.40437
0.39857545
0.3589016
0.37776592
0.33924687
0.4139224
0.4111204
0.43517742
0.40254265
0.35363337
0.35669836
0.4269134
0.4277431
0.45393988
0.44076687
0.4040145
0.38977817
0.44936755
0.4486129
0.4599447
0.4672263
0.40705144
0.37577507
0.44255912
0.40577763
0.43055046
0.42810446
0.41154623
0.3560614
0.35566685
0.3674785
0.40289727
0.37555933
0.32060206
0.2885801
0.30001268
0.34664425
0.35845646
0.31535074
0.30731374
0.39947832
0.55349696
0.61596364
0.579566
0.5049258
0.6220163
0.5516042
0.5686613
0.55135494
0.47557095
0.59076154
0.50695604
0.53021973
0.47253123
0.46231902
0.43408808
0.47094184
0.4699428
0.47759968
0.45128435
0.42998266
0.5422372
0.4614906
0.44667104
0.47673163
0.4475493
0.434162
0.49199286
0.46558797
0.28255114
0.30365863
0.33055747
0.3436136
0.32055116
0.34488362
0.3338633
0.33531925
0.39113054
0.37134862
0.32434842
0.36839077
0.3648091
0.40122548
0.36916614
0.38020104
0.442462
0.36230886
0.36299822
0.4207917
0.33716464
0.33306962
0.33659723
0.12337126
0.29003575
0.6149975
0.47759655
0.59648097
0.585726
0.57075244
0.65852183
0.676349
0.63898593
0.63782966
0.7028128
0.5356513
0.8303636
0.5768926
0.74401
0.6295508
0.6821685
0.68689543
0.71245456
0.7064382
0.67573917
0.78013843
0.6067949
0.85737497
0.62130386
0.7809208
0.53775907
0.6702446
0.5740847
0.6303037
0.59311837
0.6609908
0.64665216
0.62589234
0.5782164
0.36948973
0.5268686
0.4234863
0.7376427
0.7196887
0.8307234
0.77900213
0.85737497
0.74808633
0.8401636
0.76581997
0.71083856
0.85737497
0.7061842
0.85737497
0.7695035
0.83016217
0.69137466
0.74267936
0.33945847
0.46830732
0.60284287
0.43465683
0.61287993
0.5216235
0.47123477
0.7120435
0.45290187
0.5640675
0.6312135
0.4079197
0.6523019
0.53678346
0.48224604
0.7021782
0.50375926
0.6382742
0.633982
0.59861505
0.579722
0.5447494
0.7465506
0.5946666
0.5130815
0.81657785
0.53670704
0.7168331
0.7676512
0.5712696
0.85737497
0.70491713
0.60661274
0.85737497
0.6866732
0.79875964
0.8440994
0.7748214
0.85737497
0.6250902
0.6372815
0.8235267
0.73121196
0.5805436
0.85737497
0.70543134
0.743823
0.85737497
0.7403883
0.80509084
0.8528016
0.6292982
0.7107486
0.24367832
0.076712534
0.06463356
0.0581357
0.043381236
0.056244653
0.049701385
0.058623403
0.05642864
0.076434575
0.07277692
0.066815056
0.07249511
0.10947775
0.11819315
0.11643475
0.10733184
0.090017706
0.09484593
0.090505995
0.08540422
0.06339274
0.048427746
0.036783222
0.032227457
0.033581194
0.062197138
0.14509946
0.10423652
0.075002946
0.06400796
0.035911873
0.05288605
0.20022735
0.120012924
0.106323935
0.16642232
0.112650886
0.06478117
0.108851835
0.08679417
0.09683161
0.06834016
0.09751233
0.0737305
0.06069597
0.08129551
0.088476226
0.08279669
0.05599203
0.06560288
0.06013531
0.059006196
0.14971754
0.14686449
0.14733343
0.14929591
0.08642738
0.1140348
0.11439179
0.11736497
0.09599851
0.11300116
0.08874694
0.08430399
0.11362401
0.120072685
0.09831988
0.11496342
0.112736255
0.09122024
0.07518564
0.103413515
0.13506342
0.1080432
0.102442816
0.08704879
0.09046562
0.06682093
0.08431051
0.12186752
0.12717232
0.1185174
0.11061132
0.11993788
0.10313649
0.09299496
0.07896096
0.0837869
0.064314
0.06334126
0.04975872
0.065278985
0.17812574
0.14532326
0.12233996
0.09620962
0.13473408
0.13354082
0.082940996
0.08789899
0.09989377
0.101621866
0.08991696
0.06461897
0.051701732
0.10226014
0.10147661
0.10582019
0.11398363
0.10259275
0.094211034
0.092321634
0.0968414
0.10612645
0.09014905
0.0921492
0.08385373
0.07218515
0.097951174
0.09977459
0.07877831
0.06970719
0.06883445
0.065501094
0.10113935
0.11810102
0.109531485
0.11552468
0.090713605
0.0836659
0.059703946
0.045965783
0.064081326
0.05498752
0.043883573
0.036677465
0.03465268
0.04678154
0.035821535
0.055827107
0.04642119
0.050629355
0.07349832
0.047005042
0.07260633
0.12928092
0.08369706
0.120675385
0.1075274
0.084308684
0.08192033
0.083361626
0.08242928
0.062007587
0.06828136
0.0447144
0.040335525
0.20983498
0.6286323
0.6118593
0.63299
0.68778545
0.75581414
0.34697247
0.43304583
0.3538722
0.35192809
0.26768002
0.24932063
0.39719468
0.25288567
0.32474527
0.3992674
0.4221174
0.36858782
0.3317278
0.13443682
0.3981494
0.589573
0.55092466
0.551446
0.5779705
0.6593716
0.44299063
0.47511238
0.40088552
0.4152712
0.5237809
0.4718088
0.4723176
0.389415
0.50340784
0.5671848
0.53458804
0.550525
0.6042723
0.49285713
0.3939997
0.55325645
0.58059305
0.51168746
0.5003951
0.36914214
0.15631299
0.34181333
0.41142908
0.41545597
0.39686498
0.3537986
0.24772617
0.3646822
0.44480616
0.45834178
0.44534057
0.49979463
0.4486467
0.318751
0.4856423
0.47170582
0.49501187
0.45871833
0.508819
0.3970138
0.27405277
0.3590498
0.27634987
0.34753993
0.4016326
0.381685
0.2711171
0.47175288
0.5533299
0.5755108
0.5714789
0.57386684
0.5184394
0.45293778
0.3658613
0.5847528
0.5119995
0.60306144
0.51460755
0.34183446
0.18817861
0.43242407
0.43431616
0.45269707
0.44296163
0.39227214
0.19841512
0.34843114
0.32913062
0.33757994
0.32169864
0.23226854
0.21882287
0.25424898
0.4242801
0.42547756
0.45372874
0.46325964
0.24801235
0.09292783
0.38070104
0.42542562
0.39502832
0.46166512
0.5430788
0.41957393
0.30793646
0.23679847
0.16189867
0.2220833
0.21694739
0.24084577
0.2610779
0.2728291
0.31510633
0.4178915
0.38912797
0.39531392
0.443308
0.2574169
0.23505805
0.28464556
0.20843251
0.196324
0.11257333
0.11216648
0.119353645
0.29132372
0.28061014
0.31657618
0.2982569
0.36438367
0.21756454
0.34492257
0.19949874
0.14095342
0.17628047
0.15750429
0.10211055
0.17063655
0.27929983
0.21706071
0.22115053
0.2664359
0.21269661
0.25490686
0.17514855
0.20172411
0.2765703
0.26451394
0.21192102
0.30431712
0.041811973
0
0
0
0
0
0
0
0
0
0
0
0
0
0
0
0
0
0
0
0
0
0
0
0
0
0
0
0
0
0
0
0
0
0
0
0
0
0
0
0
0
0
0
0
0
0
0
0
0
0
0
0
0.042858746
0.8348043
0.5657446
0.5784762
0.59873354
0.55290467
0.6728206
0.57157904
0.5200717
0.6169902
0.57708436
0.50677115
0.6408263
0.5254531
0.60794896
0.5679293
0.46836376
0.52359444
0.6063373
0.4621438
0.5841103
0.51899403
0.50035465
0.67035943
0.51273006
0.54991156
0.5969816
0.46206784
0.5997082
0.4666573
0.5626287
0.55722505
0.61175245
0.5552465
0.5499478
0.57384396
0.54609066
0.44208938
0.45519722
0.30485678
0.2735098
0.20178631
0.40384403
0.32170373
0.38375604
0.46313238
0.42147654
0.4647706
0.55476713
0.39760467
0.52195776
0.5194913
0.43391216
0.5572951
0.48107755
0.5057929
0.5329597
0.51041996
0.5789948
0.50480497
0.3666519
0.37489882
0.33045802
0.38743794
0.35596064
0.32602453
0.39868128
0.673182
0.4733662
0.6832702
0.50134546
0.7485973
0.5580204
0.7510498
0.80286145
0.7409328
0.7210442
0.74419963
0.75431377
0.64781666
0.41433144
0.51915514
0.42886952
0.4198068
0.6032711
0.47181028
0.5032243
0.4252863
0.47036034
0.5693977
0.46605816
0.57292604
0.40814075
0.5159142
0.57441014
0.54447633
0.5919441
0.6844595
0.46860105
0.78700656
0.8068167
0.7062
0.85737497
0.85737497
0.85737497
0.85737497
0.85737497
0.62665665
0.6306746
0.73887956
0.56943685
0.85737497
0.6381599
0.5629931
0.85685235
0.6871976
0.76183647
0.85737497
0.6384018
0.85737497
0.6614705
0.5989206
0.83795947
0.68023086
0.68974334
0.7593084
0.63740104
0.7598064
0.65451735
0.63269395
0.76435846
0.70107603
0.62937516
0.6257431
0.5150897
0.59934807
0.5000923
0.6609241
0.5840534
0.7344754
0.64019203
0.7872888
0.80259955
0.85737497
0.7215756
0.8486148
0.63243395
0.45475423
0.5283908
0.5006965
0.44249254
0.61497825
0.45228466
0.5104733
0.6008579
0.45664346
0.5706902
0.4393714
0.359481
0.3169452
0.2804345
0.36486486
0.48121232
0.45619503
0.57476306
0.6009948
0.4757334
0.63138074
0.5420973
0.5581661
0.6626045
0.7186668
0.7746215
0.6179246
0.5920524
0.53864175
0.75290734
0.48694623
0.62384343
0.67641395
0.7161886
0.7187037
0.7781107
0.78544337
0.7960439
0.62277526
0.64721423
0.64895535
0.48651198
0.55433565
0.59195817
0.4657883
0.4456856
0.50702167
0.46090624
0.44488436
0.483969
0.4261004
0.41584307
0.4771399
0.44920993
0.47147313
0.46864617
0.44210586
0.4444087
0.3343108
0.3352688
0.26536033
0.4565917
0.3682526
0.19631936
0.31200516
0.40798557
0.36443192
0.34994566
0.5791914
0.39684558
0.46129027
0.4353872
0.35357773
0.42184538
0.4409424
0.3496435
0.46020606
0.34345996
0.37431794
0.37281886
0.37920025
0.3795394
0.46132782
0.40359265
0.46003312
0.47035304
0.46647888
0.46494627
0.46274307
0.49210805
0.4874261
0.43766654
0.4540626
0.7444502
0.7105178
0.5290119
0.7942342
0.5533773
0.7681696
0.6696464
0.69748163
0.64122546
0.7210794
0.7039953
0.7073316
0.47893953
0.36933604
0.5374463
0.43246585
0.48596168
0.47671652
0.40347427
0.49137312
0.4858863
0.4350417
0.50278556
0.47501668
0.42367634
0.5761725
0.5112629
0.49034148
0.57481575
0.47656786
0.5209989
0.61271226
0.48843157
0.54869235
0.56252205
0.46036616
0.50354177
0.60785496
0.36421987
0.29838908
0.43437463
0.5089898
0.56909347
0.43559718
0.6182135
0.8429333
0.74521434
0.6570885
0.76342297
0.70690465
0.7008044
0.63761526
0.45003226
0.49434617
0.43349546
0.50499785
0.5100394
0.5655741
0.5699009
0.5898046
0.53750217
0.6159658
0.7187883
0.44857374
0.22372133
0.6063428
0.77033204
0.71934766
0.80613816
0.62983197
0.7851539
0.70416164
0.8479242
0.7795065
0.85737497
0.8452437
0.7805351
0.76377785
0.6221105
0.21992505
0.5338363
0.38963383
0.40229288
0.6320118
0.4749004
0.59019166
0.6045162
0.55359614
0.73999953
0.6223313
0.60327977
0.67049134
0.63818264
0.50516325
0.7124984
0.62967604
0.66507965
0.77410185
0.54878455
0.536663
0.7001733
0.5646264
0.60327077
0.7741658
0.6461053
0.64673036
0.68706864
0.5672371
0.7305695
0.5967032
0.65785474
0.56138116
0.67266685
0.6663798
0.7185303
0.6389567
0.7369388
0.68642426
0.80607337
0.604263
0.54959524
0.50423604
0.62673223
0.5442545
0.56421036
0.70956886
0.6063552
0.7690157
0.6491269
0.5941537
0.77489406
0.65099263
0.5905713
0.67216575
0.61984265
0.6145859
0.72787493
0.569308
0.65640193
0.5361867
0.5068109
0.6393575
0.5872541
0.6415757
0.1494807
0.615573
0.52937436
0.72723705
0.68952745
0.6889419
0.7346418
0.81425714
0.85737497
0.85737497
0.7416125
0.75007385
0.7271973
0.7536837
0.693384
0.6422549
0.59357756
0.5152108
0.67620486
0.4922605
0.41380554
0.5322405
0.5744878
0.5650102
0.60197765
0.5245678
0.48057342
0.43756312
0.33692074
0.56918
0.46048406
0.6529337
0.42065525
0.5365683
0.48393017
0.535005
0.48321638
0.5187612
0.4654979
0.45620906
0.4339738
0.50141144
0.5108678
0.63960147
0.6884546
0.6548866
0.66393477
0.5908298
0.60947263
0.6609553
0.6749622
0.6425661
0.61498344
0.43814564
0.362542
0.3372878
0.38407904
0.38675115
0.30841383
0.43066984
0.41864845
0.5736543
0.6683658
0.61371255
0.63643485
0.5004663
0.6662892
0.6138794
0.5519997
0.37876818
0.6880098
0.47721842
0.5987448
0.83201444
0.6975656
0.7660811
0.743313
0.75024855
0.7090876
0.66202706
0.47926223
0.463459
0.5306294
0.5650621
0.53691953
0.5566799
0.50043356
0.5315399
0.5460229
0.5229886
0.5085655
0.4956772
0.40516207
0.36641824
0.37887314
0.38030967
0.41490152
0.45405316
0.4808814
0.3301173
0.2959021
0.49510607
0.46241906
0.42670378
0.38707906
0.47355506
0.32592353
0.47135752
0.4151481
0.5328131
0.61903685
0.43765703
0.70445025
0.84627825
0.85737497
0.85737497
0.85737497
0.85737497
0.85737497
0.79016167
0.85737497
0.42429236
0.85737497
0.3880255
0.85737497
0.43480211
0.85186344
0.38950422
0.4948237
0.41927055
0.46473905
0.4122825
0.23879264
0.48872247
0.69949275
0.7065989
0.7332135
0.679403
0.4850977
0.57752013
0.56864524
0.4885094
0.4833991
0.45322156
0.40254658
0.3380245
0.16991161
0.71663934
0.60579294
0.71022093
0.6153697
0.63500106
0.55267704
0.6123902
0.6127069
0.53394413
0.6005018
0.5621742
0.47911733
0.5339538
0.6227896
0.5139863
0.513142
0.5424534
0.44201598
0.27690333
0.23060502
0.33056593
0.41641194
0.3740622
0.45433018
0.4717758
0.7828427
0.50961757
0.51111174
0.7815668
0.72523797
0.5834989
0.85737497
0.85737497
0.85737497
0.85737497
0.85737497
0.8430505
0.85737497
0.5856922
0.32081753
0.37333304
0.3730511
0.16986966
0.37244532
0.32328263
0.32588935
0.55723244
0.5046232
0.40731508
0.56212693
0.53151125
0.50061774
0.71615666
0.5201612
0.80500346
0.5865057
0.85409427
0.5886808
0.7517992
0.6348105
0.7109573
0.53659487
0.566868
0.6291249
0.5585584
0.41851324
0.69817036
0.44782454
0.6333592
0.47867906
0.50191015
0.49759766
0.35442254
0.5654652
0.5734559
0.5294005
0.6678191
0.48850378
0.7299377
0.5673573
0.83312976
0.62898064
0.7793546
0.6629964
0.6231869
0.43578613
0.49290666
0.64498925
0.5153975
0.66666025
0.6322581
0.6331445
0.3570003
0.4856549
0.48009172
0.45351917
0.48366466
0.5178991
0.45455033
0.64246666
0.5348003
0.6560642
0.5510882
0.60450405
0.36971384
0.4188301
0.48023555
0.32293954
0.46452937
0.513912
0.40565047
0.5413528
0.47966692
0.4257217
0.62007624
0.49865025
0.41608047
0.61249906
0.46224785
0.5256266
0.5457035
0.44206566
0.5361719
0.52982783
0.3844673
0.48341513
0.3758403
0.47059587
0.5567679
0.4540474
0.568688
0.60602266
0.32658255
0.7161953
0.5389908
0.57790107
0.6168915
0.8073267
0.6297658
0.85737497
0.85737497
0.85737497
0.82077146
0.85737497
0.85737497
0.39424855
0.35211217
0.38113067
0.55329627
0.37159675
0.5359812
0.491832
0.47595853
0.72899663
0.52093637
0.50728977
0.7318503
0.5000718
0.5753718
0.5438473
0.45729294
0.5562002
0.31354716
0.35019597
0.5227587
0.3234592
0.5150163
0.53072536
0.6106336
0.59016293
0.54300827
0.2873946
0.56010133
0.49951202
0.5164626
0.5412983
0.81465805
0.5734438
0.7681384
0.85737497
0.85737497
0.85737497
0.85737497
0.85737497
0.6633307
0.6978218
0.85737497
0.85737497
0.7767673
0.7376992
0.5285558
0.6647382
0.66133225
0.58034897
0.624443
0.5502259
0.3890354
0.26481584
0.68160415
0.5294306
0.7256558
0.5689059
0.67918795
0.59935623
0.5025251
0.564495
0.6069576
0.58050466
0.5947241
0.5433672
0.44689184
0.7025891
0.5644557
0.48486108
0.71967
0.5851465
0.5481749
0.7881494
0.6187308
0.56988555
0.85737497
0.659485
0.7498154
0.7733194
0.72545755
0.797981
0.79315245
0.6840416
0.8276315
0.64023286
0.4145352
0.63808393
0.77216226
0.6379462
0.6919162
0.7579802
0.5213458
0.6123214
0.5032978
0.5945795
0.79298943
0.5631983
0.74130446
0.77415806
0.85737497
0.8549412
0.85737497
0.85737497
0.85737497
0.85737497
0.6979949
0.49896774
0.5438036
0.77730817
0.6132794
0.55368227
0.828285
0.5173882
0.6135077
0.6206027
0.53463066
0.6303717
0.64792866
0.5346394
0.65136296
0.5539309
0.5428523
0.73324555
0.60638005
0.6118901
0.37579474
0.30825058
0.5218538
0.5012715
0.47649854
0.6276095
0.5525826
0.5104063
0.33994514
0.4611351
0.49876198
0.46576747
0.38784292
0.5028353
0.65012145
0.7684356
0.8137612
0.85737497
0.85737497
0.7766726
0.68044966
0.672093
0.57217115
0.60434836
0.72421855
0.6036755
0.4635237
0.4365229
0.44840938
0.5541892
0.5248753
0.6309346
0.55225295
0.20217954
0.41521063
0.3714932
0.57238495
0.4192584
0.58823186
0.5255812
0.6020516
0.5552408
0.5416605
0.53666896
0.5032359
0.54075587
0.43012518
0.5022521
0.30936658
0.46902728
0.5086776
0.41787553
0.65784466
0.43808037
0.44370943
0.6684083
0.43135586
0.5609206
0.46955183
0.4181781
0.501977
0.46482083
0.41528717
0.5086749
0.4150169
0.45502263
0.48201042
0.3562491
0.35906574
0.53167844
0.37886974
0.5159085
0.5165168
0.3306401
0.35343128
0.24231109
0.5337975
0.48584494
0.44422516
0.45726848
0.603118
0.5552677
0.67994785
0.5564122
0.6243402
0.622171
0.52817667
0.28208154
0.36682776
0.4561435
0.39804092
0.44623485
0.4316446
0.46000674
0.46153197
0.462965
0.41858676
0.47792554
0.49957216
0.42858762
0.42873147
0.4094163
0.3862299
0.44860515
0.38202298
0.3578433
0.2785995
0.47164908
0.41832605
0.49612442
0.4982184
0.33996272
0.2604426
0.30781823
0.43689775
0.45850298
0.42320555
0.4464928
0.57132095
0.4757185
0.645389
0.6601888
0.59234476
0.63262016
0.6217513
0.51666
0.44591418
0.4664904
0.37239236
0.39956138
0.4226489
0.3057516
0.39421982
0.3603785
0.4591216
0.4671399
0.5418847
0.5125833
0.34604758
0.36530447
0.47992304
0.6601963
0.4862101
0.6677623
0.4994311
0.59589535
0.6365815
0.5536198
0.5589268
0.6198111
0.6451766
0.5114989
0.5268078
0.33751366
0.32917118
0.38032457
0.42450202
0.3501687
0.43185863
0.4424437
0.3914912
0.49278823
0.35894147
0.36216608
0.47759
0.3731303
0.4802971
0.43768102
0.3702858
0.5677084
0.3563426
0.3631964
0.46394518
0.43037236
0.37375146
0.42649692
0.46597564
0.4141958
0.4659207
0.26035494
0.40092775
0.40352273
0.46998224
0.44495255
0.52055705
0.6277998
0.6581518
0.7395005
0.58331454
0.6881619
0.6785512
0.6187097
0.49940285
0.40472698
0.6286085
0.46661732
0.5445487
0.69848454
0.5211062
0.57509804
0.5358467
0.5422456
0.54871213
0.52229625
0.5020979
0.61207294
0.4592626
0.5961715
0.64612067
0.57405376
0.6419844
0.5415813
0.3796055
0.46835127
0.7236072
0.54285276
0.7295884
0.57513416
0.52497405
0.48625964
0.43345907
0.60792655
0.65181637
0.52775806
0.6519228
0.569984
0.6755244
0.7962998
0.81833833
0.7700922
0.7833635
0.72172034
0.609412
0.6353116
0.5575862
0.6632215
0.7504669
0.4939742
0.7167181
0.5520433
0.58503705
0.5404532
0.5652678
0.5614826
0.52248085
0.43163523
0.62106764
0.65218115
0.72649616
0.6011789
0.6891832
0.6673706
0.5287142
0.6700839
0.4639202
0.7296492
0.5947132
0.7517561
0.57823867
0.35171255
0.33039504
0.5048226
0.36556852
0.36143777
0.5459077
0.47159094
0.575369
0.6177906
0.49304727
0.60575
0.58154005
0.48080683
0.5997377
0.4036129
0.48738286
0.46246505
0.3846072
0.5351608
0.52149826
0.4329061
0.5936286
0.4553187
0.5035183
0.55911964
0.43274206
0.39294678
0.55354464
0.5753843
0.44604954
0.84926796
0.67180467
0.7686697
0.71797776
0.67898613
0.8397063
0.8039929
0.771889
0.7194724
0.52943546
0.3494487
0.71620935
0.43455508
0.50195634
0.7199683
0.5185744
0.5709141
0.5798799
0.4946105
0.56524235
0.46935767
0.47281256
0.46317476
0.42082262
0.38250703
0.40117386
0.3921975
0.44318673
0.25983354
0.25920963
0.20713837
0.24109332
0.242019
0.20682226
0.29815623
0.25963664
0.3155412
0.33611697
0.48117262
0.32088813
0.53695405
0.4840862
0.6787746
0.70026153
0.5993176
0.6143866
0.6267783
0.6044992
0.4686185
0.40692392
0.47810647
0.53428
0.5361384
0.5429442
0.5337302
0.49448746
0.3520208
0.4018845
0.39258215
0.3464306
0.40946883
0.36830208
0.4041355
0.4466676
0.5218053
0.6879737
0.4279965
0.66286147
0.5643985
0.69328845
0.8198986
0.85737497
0.7175265
0.743692
0.67230994
0.6732768
0.4088261
0.41788447
0.57680064
0.41821522
0.47107607
0.5001517
0.30767107
0.30842885
0.2715541
0.29291683
0.47643328
0.43024713
0.4618286
0.65832216
0.4031494
0.47044975
0.495191
0.3834965
0.4517358
0.3249907
0.35528752
0.4767494
0.36627465
0.45649397
0.49328986
0.35141522
0.6431341
0.34808013
0.5743221
0.35944006
0.6010006
0.6057607
0.66180617
0.69005835
0.85737497
0.85737497
0.85737497
0.8301413
0.85737497
0.652999
0.51486135
0.4513829
0.4885874
0.654196
0.5120535
0.5234444
0.6053995
0.53646696
0.60920763
0.4863966
0.4517507
0.50789857
0.47758383
0.5657182
0.5916187
0.56357527
0.6243628
0.60189825
0.48834217
0.30192956
0.5167675
0.4035148
0.44087362
0.6088156
0.38425454
0.6044278
0.3698882
0.38510054
0.718816
0.47294694
0.4461218
0.5877958
0.5630804
0.7516373
0.6210445
0.72620624
0.7459645
0.71128833
0.5178793
0.53072417
0.4876928
0.5206388
0.55376077
0.5590319
0.57316643
0.56858176
0.5023336
0.58759636
0.55991393
0.57770807
0.5628567
0.3350931
0.45673996
0.7360497
0.48931453
0.74389344
0.61170316
0.6076394
0.701966
0.6073567
0.73185694
0.63428354
0.7682045
0.7026402
0.70400155
0.52914286
0.6482555
0.70514864
0.85737497
0.83115864
0.8508748
0.72136915
0.52107996
0.6455594
0.6622778
0.6834756
0.6412311
0.5960925
0.46903488
0.57315403
0.46767598
0.43328783
0.33780694
0.39541328
0.33977905
0.3185162
0.41692302
0.44160968
0.4413819
0.46938258
0.5051864
0.36361656
0.3031165
0.65718275
0.85737497
0.76933604
0.77748024
0.85737497
0.71537596
0.57033545
0.5128521
0.5902729
0.58476335
0.5322848
0.5259175
0.2542268
0.30121437
0.39522052
0.44998667
0.47018158
0.3829762
0.5409588
0.58686006
0.636785
0.6095355
0.5446301
0.4637441
0.56854063
0.5015994
0.55905044
0.4952051
0.5015087
0.47747725
0.49200398
0.27342764
0.2865277
0.304772
0.38762483
0.4176177
0.41025165
0.28224856
0.35702747
0.40938762
0.5041428
0.68669486
0.55663884
0.6826597
0.68629634
0.5383036
0.49205238
0.45630208
0.38048968
0.3464899
0.48443162
0.67218757
0.35368782
0.7805636
0.45198727
0.6855881
0.5658613
0.5816592
0.62425476
0.5786098
0.554356
0.4863059
0.4745798
0.35030118
0.15641974
0.63799334
0.56181514
0.5039492
0.47047585
0.3663786
0.4691092
0.42637363
0.39465865
0.4115215
0.35299358
0.34984583
0.2802086
0.31505993
0.24315394
0.44092935
0.59739816
0.48347032
0.630509
0.65539026
0.5540555
0.70483583
0.7199082
0.49003202
0.6798008
0.561671
0.51300776
0.65103656
0.46094644
0.5375224
0.5965267
0.4549491
0.50353265
0.11975535
0.30501702
0.4948339
0.5285738
0.3720894
0.55720574
0.48283592
0.33811837
0.20470074
0.58154684
0.85737497
0.5210222
0.5655607
0.85737497
0.8091281
0.7577091
0.8379578
0.77219784
0.84714764
0.7832127
0.632035
0.39841086
0.4132488
0.47734216
0.34428176
0.585494
0.44032797
0.5463119
0.69039464
0.475925
0.6385073
0.6454739
0.3799406
0.42339516
0.36542377
0.63240474
0.49681026
0.6239525
0.5210059
0.58260715
0.6242446
0.5108137
0.69758373
0.5186061
0.6485065
0.5538421
0.6203067
0.3606548
0.40742478
0.32179487
0.5290852
0.36365864
0.62342215
0.39331844
0.4516281
0.51829135
0.46387595
0.7615108
0.5116954
0.69328254
0.2857313
0.55225605
0.7202963
0.6071359
0.6626847
0.7672247
0.73643035
0.42358094
0.37024626
0.34667602
0.33403432
0.25569698
0.24116404
0.26138765
0.56484807
0.49259666
0.6794707
0.49363565
0.62693167
0.62093
0.48525763
0.77352124
0.53202826
0.7499269
0.5194457
0.7458112
0.43116817
0.36253792
0.34245208
0.29112992
0.27000856
0.3912736
0.35289857
0.319456
0.6344415
0.43726486
0.5861019
0.6081305
0.43608847
0.6379109
0.551506
0.5005587
0.7156773
0.45293382
0.5767897
0.55998194
0.43392703
0.41852424
0.4541497
0.34153306
0.52722734
0.515346
0.39591712
0.45913327
0.19156948
0.6034505
0.65979975
0.66056263
0.5752196
0.8474355
0.598814
0.57730776
0.5658925
0.5410187
0.6335425
0.6068562
0.4482863
0.3630106
0.31842622
0.41169983
0.65563434
0.4200528
0.5477437
0.5300305
0.39284754
0.59041566
0.48371342
0.49208823
0.6483127
0.5215585
0.56978434
0.6134529
0.4790423
0.58343244
0.59349036
0.4154752
0.35881644
0.2850113
0.4245147
0.40632382
0.51759183
0.6004945
0.4555859
0.3713236
0.33609155
0.50313133
0.45496142
0.4565113
0.5495557
0.6730294
0.6428308
0.54066706
0.6411254
0.60621524
0.60037225
0.5422304
0.5657006
0.6609802
0.62204057
0.5888366
0.6261043
0.53523827
0.6721594
0.77678764
0.6642312
0.5416824
0.49959204
0.51565355
0.26912087
0.15031826
0.657117
0.44386733
0.57653046
0.6018012
0.53516406
0.6158767
0.6616516
0.6346273
0.6444568
0.5164728
0.48580796
0.3285228
0.2950188
0.21680874
0.5643937
0.49566364
0.62763983
0.63283306
0.5520749
0.4153703
0.4439977
0.48000503
0.727834
0.5181908
0.5317719
0.6220739
0.2998387
0.63334423
0.55281794
0.49770468
0.6795889
0.41834834
0.21485224
0.50445944
0.44500887
0.49901253
0.6293547
0.53168947
0.55046785
0.32198778
0.5772774
0.7361184
0.60533184
0.50158894
0.74202186
0.44811133
0.31041327
0.50845903
0.39655766
0.4396351
0.61789846
0.45746493
0.23320188
0.58361
0.4949767
0.73815644
0.66919583
0.5738296
0.8032348
0.41619316
0.4945969
0.7111149
0.50699866
0.64207894
0.5777299
0.41152978
0.5516384
0.7167691
0.5702456
0.8380468
0.61800885
0.5783178
0.4471232
0.39778045
0.36109608
0.6180081
0.39990142
0.51609206
0.51036364
0.24554986
0.6798699
0.62221634
0.54644287
0.82948893
0.5156919
0.3356999
0.6780537
0.5234393
0.6826127
0.83191603
0.6365112
0.80469
0.6134032
0.59449506
0.8292094
0.70081735
0.6342983
0.85737497
0.42576703
0.50903136
0.59214926
0.5141365
0.7096824
0.6470181
0.5654047
0.59858054
0.65786755
0.44205186
0.7978047
0.5573022
0.53363365
0.6229941
0.39819494
0.5465788
0.79351306
0.5005399
0.75467217
0.6686702
0.64207053
0.34745446
0.71651727
0.85737497
0.85737497
0.85737497
0.85737497
0.85737497
0.85737497
0.32491595
0.1333544
0.004656664
0
0
0
0
0
0
0
0
0
0.1709874
0.7529894
0.82796896
0.85737497
0.85737497
0.85737497
0.85737497
0.85737497
0.5997172
0.123547286
0.03447274
0
0
0
0
0
0
0
0
0
0.5313253
0.7487678
0.85737497
0.85737497
0.85737497
0.85737497
0.85737497
0.85737497
0.72017044
0.14856245
0.005142134
0
0
0
0
0
0
0
0
0
0
0
0
0
0
0
0
0
0
0
0
0
0
0
0
0
0
0
0
0
0
0
0
0
0
0
0
0
0
0
0
0
0
0
0
0
0
0
0
0
0
0
0
0
0
0
0.49532527
0.85737497
0.85737497
0.85737497
0.85737497
0.85737497
0.85737497
0.85737497
0.47801343
0.09849196
0.00038939365
0
0
0
0
0
0
0
0
0
0.23540196
0.85114515
0.85737497
0.85737497
0.80346215
0.74319595
0.6911385
0.63429743
0.7165206
0.38533854
0.079253376
0
0
0
0
0
0
0
0
0.0031299118
0.76414144
0.5995261
0.8131773
0.8151145
0.85737497
0.85737497
0.8179863
0.85737497
0.6401572
0.18918689
0.0070354342
0
0
0
0
0
0
0
0
0
0
0
0
0
0
0
0
0
0
0
0
0
0
0
0
0
0
0
0
0
0
0
0
0
0
0
0
0
0
0
0
0
0
0
0
0
0
0
0
0
0
0
0
0
0
0
0.38556948
0.8258614
0.85737497
0.85737497
0.85737497
0.85737497
0.85737497
0.81937265
0.45548555
0.122622326
0.00065618794
0
0
0
0
0
0
0
0
0
0.17001435
0.85737497
0.85737497
0.85737497
0.85737497
0.85737497
0.85737497
0.85737497
0.36610916
0.15978423
0.021650366
0
0
0
0
0
0
0
0
0
0.47641888
0.6926947
0.6991128
0.73636353
0.85737497
0.85737497
0.85737497
0.7111328
0.25169638
0.055903126
0
0
0
0
0
0
0
0
0
0
0
0
0
0
0
0
0
0
0
0
0
0
0
0
0
0
0
0
0
0
0
0
0
0
0
0
0
0
0
0
0
0
0
0
0
0
0
0
0
0
0
0
0
0
0
0
0
0
0
0
0
0
0
0
0
0
0
0
0
0
0
0
0
0
0
0
0
0
0
0
0
0
0
0
0
0
0
0
0
0
0
0
0
0
0
0
0
0
0
0
0
0
0
0
0
0
0
0
0
0
0
0
0
0
0
0
0
0
0
0
0
0
0
0
0
0
0
0
0
0
0
0
0
0
0
0
0
0
0
0
0
0
0
0
0
0
0
0
0
0
0
0
0
0
0
0
0
0
0
0
0
0.034713786
0.4589738
0.7410807
0.51503795
0.5012765
0.77248126
0.52062154
0.6913367
0.6540566
0.5643327
0.7064157
0.6352803
0.52314126
0.81442666
0.6295948
0.7475423
0.7203675
0.5690153
0.62629825
0.53045064
0.28170565
0.36089036
0.4289413
0.36106697
0.5080073
0.52317274
0.45146716
0.5655653
0.59197265
0.85737497
0.7213778
0.828098
0.7782599
0.8564128
0.5963162
0.5847801
0.74731606
0.73971164
0.7376365
0.60300386
0.5707128
0.5485145
0.38113025
0.4579156
0.5847664
0.4095051
0.5255794
0.51530707
0.3938683
0.49129638
0.52861404
0.4033944
0.6367596
0.44213736
0.5245931
0.55515134
0.47418174
0.53909826
0.55181706
0.42233914
0.2067765
0.33332497
0.26052806
0.49521208
0.3031536
0.3090653
0.25382498
0.30424726
0.5065024
0.46070942
0.53146803
0.5005794
0.6226827
0.5523414
0.5812837
0.57510316
0.5607392
0.53418845
0.6164399
0.61639744
0.58184886
0.6874778
0.6482201
0.6307051
0.6177338
0.6356273
0.5110278
0.44415477
0.47756696
0.52426964
0.5500917
0.45887685
0.23167019
0.5888942
0.57036895
0.6665092
0.5064424
0.6408844
0.5399204
0.6945996
0.6063852
0.6586061
0.6440432
0.69215304
0.7527823
0.5205925
0.3654394
0.4255725
0.45938545
0.3899611
0.5794948
0.54548705
0.49290678
0.7509483
0.5059715
0.5263772
0.7160358
0.4956233
0.6074321
0.63736117
0.45134106
0.6284397
0.45021966
0.31916246
0.5862883
0.3467543
0.32935894
0.54684633
0.39480868
0.47725207
0.63521564
0.43635324
0.53078485
0.45306352
0.59282875
0.5476081
0.64097816
0.5165788
0.6194751
0.52801466
0.5108163
0.49439284
0.5242275
0.49149153
0.6241553
0.62166804
0.42271218
0.61942744
0.4227814
0.6033425
0.55221486
0.5131319
0.8219172
0.6177567
0.62602484
0.76947755
0.5553121
0.77736366
0.6472822
0.5364
0.80903786
0.5662192
0.58960664
0.764734
0.60056216
0.51398665
0.35622537
0.34068534
0.4123688
0.42559242
0.4497663
0.532268
0.3129935
0.46549144
0.5110336
0.48578826
0.62417364
0.511745
0.6217245
0.79216766
0.6390394
0.75939465
0.8328253
0.85737497
0.78959155
0.81413347
0.621805
0.6417205
0.6080986
0.58819777
0.58504397
0.70108336
0.46787077
0.552876
0.46748832
0.53598607
0.5940714
0.42139181
0.15345143
0.44504824
0.52436894
0.44071573
0.52448493
0.4619552
0.51998955
0.39824006
0.4413319
0.42391863
0.44003907
0.42881498
0.46109045
0.46879485
0.4821962
0.5081315
0.5139445
0.48527777
0.72983515
0.5564668
0.6390639
0.78476125
0.5808936
0.7009977
0.75690573
0.5357206
0.8459437
0.63927853
0.5888439
0.8350406
0.58041126
0.74193573
0.71659297
0.47532988
0.36541247
0.4732857
0.3771469
0.5406252
0.51796335
0.4782158
0.5532735
0.39788553
0.42328238
0.6260135
0.5013197
0.5096685
0.59011495
0.5576999
0.4401191
0.5494834
0.510726
0.51689535
0.487665
0.6358398
0.49859846
0.38877228
0.37098005
0.51374525
0.42308724
0.55935746
0.61275196
0.47183114
0.6828941
0.6668574
0.5389677
0.85737497
0.57575846
0.53947175
0.74473566
0.5623226
0.6815167
0.74279225
0.51739544
0.5704151
0.3617205
0.3416195
0.36543322
0.42024803
0.34639484
0.4835748
0.33085492
0.38892618
0.41749334
0.6147489
0.46434057
0.5539186
0.5527233
0.7455837
0.67395264
0.5519757
0.623782
0.6592524
0.680823
0.67571133
0.4882672
0.55868304
0.60246575
0.6123868
0.5796784
0.5843734
0.5266872
0.5234163
0.54778725
0.50251675
0.7257147
0.5633048
0.2391923
0.6453726
0.55358315
0.5692482
0.57974124
0.54088324
0.74477875
0.6796171
0.5890532
0.7275965
0.83180374
0.7608171
0.69417095
0.593936
0.377522
0.5513188
0.3648255
0.56073636
0.56235385
0.4920535
0.77988225
0.67300326
0.57729506
0.7886287
0.58433264
0.6359344
0.71437246
0.56446296
0.72183025
0.69092715
0.50263286
0.7763587
0.5996293
0.49397206
0.5185634
0.39144307
0.42259088
0.59262097
0.38733009
0.5433348
0.48056248
0.52657866
0.5467373
0.7060502
0.55771255
0.7205099
0.6170828
0.66130227
0.5385377
0.51961285
0.6374188
0.6291873
0.632951
0.5339464
0.5224168
0.3954267
0.5606874
0.47875097
0.38527375
0.4478282
0.39344978
0.39803523
0.67914754
0.5403995
0.6914699
0.656901
0.49963754
0.6198208
0.6582397
0.5154366
0.7488541
0.5375226
0.57246614
0.59016854
0.36200815
0.3859881
0.56290704
0.5176578
0.5052821
0.6941784
0.5120475
0.53816026
0.52553034
0.6002061
0.5068021
0.58991265
0.5617361
0.5716487
0.67319936
0.6419519
0.6226675
0.5019202
0.5752694
0.5551167
0.6226255
0.6824818
0.6881114
0.6836466
0.68205607
0.5987602
0.45708263
0.49924964
0.55630684
0.5451536
0.5084343
0.41434705
0.37271085
0.42431584
0.5859535
0.5162327
0.5991068
0.54220545
0.5829374
0.5259446
0.53272283
0.51576215
0.5335069
0.49320605
0.3745449
0.23098253
0.49106157
0.52536887
0.5869352
0.5060797
0.6587494
0.8365883
0.85737497
0.85737497
0.85737497
0.85737497
0.85737497
0.85737497
0.7107258
0.5807269
0.6459028
0.6994914
0.7150682
0.79373866
0.85737497
0.7392306
0.5713765
0.4331382
0.46412393
0.5404439
0.58925384
0.56832844
0.5731459
0.79155165
0.8008188
0.8520079
0.85737497
0.85737497
0.85737497
0.85737497
0.85737497
0.85737497
0.85737497
0.85737497
0.85737497
0.8515953
0.6084738
0.53775597
0.61083376
0.65084285
0.659722
0.8193989
0.79803747
0.85737497
0.85737497
0.85737497
0.85737497
0.8206109
0.69287425
0.75171965
0.7051928
0.714705
0.63799536
0.5951547
0.5323274
0.55777204
0.59721524
0.37378076
0.4795331
0.5622035
0.6391961
0.55137616
0.63592625
0.4002257
0.5898983
0.73577225
0.8216994
0.7732083
0.85737497
0.85737497
0.85737497
0.85737497
0.85737497
0.85737497
0.85737497
0.6229256
0.7854609
0.71421087
0.6964093
0.7795081
0.85737497
0.71201795
0.5582984
0.85737497
0.85737497
0.85737497
0.85737497
0.85737497
0.48865068
0.75667644
0.76580715
0.79109204
0.79513043
0.8387588
0.78579414
0.34630358
0.50632894
0.5013483
0.5483386
0.652794
0.70688397
0.5078958
0.47087863
0.39644846
0.48621383
0.51921886
0.3973299
0.5957272
0.5877605
0.4560309
0.65453005
0.5253575
0.64063704
0.63019115
0.54313546
0.6729079
0.6315199
0.52297425
0.6545219
0.5989195
0.5715926
0.5267065
0.43855688
0.45565683
0.49714574
0.41284707
0.5456929
0.65394604
0.6292904
0.63177276
0.7534151
0.7902705
0.7598808
0.81696117
0.6359081
0.7381995
0.7465406
0.7576955
0.74912953
0.72349983
0.85034424
0.64248675
0.46941188
0.37103406
0.45740914
0.5611226
0.4377274
0.66548175
0.63034564
0.6298537
0.73783046
0.59178853
0.685413
0.78452134
0.384517
0.5896996
0.7147634
0.51577437
0.82386154
0.5140425
0.85737497
0.5615445
0.78038365
0.6457409
0.79463434
0.6856881
0.8441253
0.7258568
0.45443127
0.45585
0.42855743
0.42017877
0.39837512
0.4971903
0.32724115
0.2422618
0.48302776
0.39544222
0.6403032
0.52876806
0.7641788
0.40759778
0.55778676
0.58190644
0.65010315
0.68977916
0.62945503
0.54644525
0.53456753
0.5509646
0.5930426
0.6276974
0.5599615
0.6130122
0.61178917
0.5461132
0.6010083
0.46360123
0.6517788
0.4628979
0.6769396
0.44460762
0.48223558
0.39945525
0.50669205
0.5444966
0.42360336
0.3192922
0.62140864
0.45370623
0.6442058
0.56492233
0.59780866
0.7992662
0.59169114
0.7407108
0.8158425
0.66359407
0.75880796
0.7590767
0.57074803
0.85737497
0.66606444
0.65900075
0.85737497
0.59235257
0.77906656
0.4922842
0.3945299
0.45109218
0.54533535
0.48210227
0.6906651
0.5770027
0.44183156
0.672231
0.637042
0.81152874
0.68171877
0.8151568
0.6757828
0.84108204
0.77613646
0.7356115
0.85737497
0.85737497
0.74503726
0.50976104
0.47556663
0.6028707
0.49357325
0.5321829
0.77158624
0.61613244
0.7238225
0.805376
0.5870618
0.721544
0.7683281
0.59434277
0.85737497
0.650792
0.7097158
0.85737497
0.6379756
0.779972
0.7919276
0.4142497
0.46226302
0.3825663
0.41264254
0.48035163
0.40520793
0.48361403
0.39059415
0.6344591
0.6229234
0.8127494
0.65440965
0.7371865
0.7652161
0.85737497
0.85737497
0.85737497
0.7444825
0.7105658
0.7825733
0.5470217
0.6582683
0.62198615
0.6262055
0.65391266
0.6773765
0.58582413
0.41889527
0.4637636
0.57251537
0.603642
0.62116927
0.48206407
0.4031241
0.5248702
0.48520738
0.5798171
0.59727424
0.69137543
0.68346673
0.78957576
0.8171449
0.6817982
0.8371002
0.85737497
0.77709895
0.5472926
0.44781467
0.44100383
0.6569999
0.4669731
0.5949847
0.6277942
0.547765
0.7711614
0.78163993
0.6089375
0.85737497
0.6474699
0.78227156
0.7570879
0.5976224
0.85282916
0.6778954
0.5667614
0.8424045
0.36083832
0.41388288
0.5872233
0.47302344
0.5315802
0.7038952
0.5307614
0.4541115
0.530692
0.6724142
0.6763368
0.62388587
0.74086386
0.6088605
0.7461207
0.7730474
0.72243047
0.70517033
0.798066
0.8022645
0.4464571
0.5668763
0.52724093
0.4644494
0.66938084
0.5959465
0.51448864
0.75345635
0.6667815
0.5835353
0.79865074
0.62059945
0.72656757
0.7711552
0.6475316
0.7606791
0.7985579
0.63666373
0.85737497
0.5704722
0.43515295
0.6409048
0.582059
0.63721365
0.85737497
0.73664725
0.81999373
0.5999485
0.44584417
0.6687982
0.6755308
0.6872745
0.60160667
0.73918116
0.7158832
0.68201244
0.7645995
0.8354763
0.85737497
0.796356
0.67550707
0.60014313
0.56101406
0.5982092
0.6119151
0.6306557
0.6724047
0.5605948
0.59173757
0.55187225
0.64377046
0.5572874
0.3149233
0.53767866
0.50905067
0.53746736
0.50150573
0.54983664
0.49752456
0.46965936
0.45484677
0.36760184
0.4100876
0.39930025
0.42936376
0.46939036
0.26856068
0.020024113
0.025394857
0.01640216
0.013788513
0.0070319967
0.0017657304
0
0
0
0
0
0
0
0
0
0
0
0
0
0
0
0
0
0
0
0
0
0
0
0
0
0
0
0
0
0
0
0
0
0
0
0
0
0
0
0
0
0
0
0
0
0
0
0
0
0
0
0
0
0
0
0
0
0
0
0
0
0
0
0
0
0
0
0
0
0
0
0
0
0
0
0
0
0
0
0
0
0
0
0
0
0
0
0
0
0
0
0
0
0
0
0
0
0
0
0
0
0
0
0
0
0
0
0
0
0
0
0
0
0
0
0
0
0
0
0
0
0
0
0
0
0
0
0
0
0
0
0
0
0
0
0
0
0
0
0
0
0
0
0
0
0
0
0
0
0
0
0
0
0
0
0
0
0
0
0
0
0
0
0
0
0
0
0
0
0
0
0
0
0
0
0
0
0
0
0
0
0
0
0
0
0
0
0
0
0
0
0
0
0
0
0
0
0
0
0
0
0
0
0
0
0.0011467341
0.070596695
0.018072655
0.019617107
0.022231033
0.02510605
0.0013888286
0
0
0
0
0
0
0
0.055510525
0.023544941
0.024605982
0.021353919
0.023550984
0.0015508527
0.05541528
0.061072346
0.041153844
0.033883322
0.037515186
0.043585405
0.011225088
0.09053809
0.06853387
0.04581046
0.05658275
0.04136343
0.004272997
0.030902939
0.08457752
0.08593043
0.05600593
0.040831078
0.043439876
0.014263904
0.074711725
0.024500722
0.0077761835
0.0052429936
0.0019094652
0.001081248
0.0025289143
0.09667734
0.054667283
0.061285123
0.058397055
0.04120144
0.036885623
0.0093410425
0
0
0
0
0
0
0
0
0
0
0
0
0
0
0
0
0
0
0
0
0
0
0
0
0
0
0
0
0
0
0
0
0
0
0
0
0
0
0
0
0
0
0
0
0
0
0
0
0
0
0
0
0.027867392
0.08263741
0.049599994
0.048586994
0.03816082
0.039155506
0
0
0
0
0
0
0
0
0.08969414
0.048297074
0.04401829
0.03840417
0.04005109
0.0019084216
0.06718007
0.05361993
0.051367205
0.061211817
0.05258246
0.046325002
0.0050758156
0.07433691
0.050634604
0.03305515
0.028242888
0.026286606
0.00024965464
0.04868077
0.057731137
0.056048315
0.047881488
0.04430428
0.040105745
0.0051389458
0.06893019
0.018271042
0.008901724
0.0012249384
0.0020233227
0.00032194317
0.010991969
0.09271024
0.05532184
0.049954485
0.05195776
0.044616763
0.04216947
0.014689798
0
0
0
0
0
0
0
0
0
0
0
0
0
0
0
0
0
0
0
0
0
0
0
0
0
0
0
0
0
0
0
0
0
0
0
0
0
0
0
0
0
0
0
0
0
0
0
0
0
0
0
0
0.015912954
0.35574493
0.60478616
0.85737497
0.85737497
0.85737497
0.85737497
0.053150088
0
8.420985E-06
0
0
0
0.8447356
0.85737497
0.85737497
0.85737497
0.85737497
0.85737497
0.7057543
0.66743803
0.6511881
0.85737497
0.85737497
0.7900234
0.85737497
0.55686533
0.609812
0.85737497
0.85737497
0.85737497
0.85737497
0.85737497
0.8192516
0.81309205
0.85737497
0.85737497
0.85737497
0.76047593
0.5991335
0.3273805
0.6952386
0.7166491
0.8151858
0.85737497
0.8202865
0.42233804
0.8369852
0.85737497
0.85737497
0.85737497
0.85737497
0.85737497
0.5063365
0
0
0
0
0
0
0
0
0
0
0
0
0.026902039
0.08237831
0.09113125
0.091344014
0.0771988
0.07998653
0.023220161
0.14227663
0.14392889
0.111091755
0.1109686
0.11515296
0.11333005
0.0661508
0.04543526
0.108022936
0.10536085
0.07862097
0.14534004
0.11708864
0.012467976
0.048608318
0.044195592
0.038515877
0.060257703
0.07451407
0.03155306
0.07815572
0.04559259
0.053376038
0.048032876
0.042975698
0.022858374
0.048048574
0.14539778
0.1011907
0.09382367
0.09656033
0.084171124
0.027987627
0.1018526
0.5611905
0.70309097
0.85737497
0.85737497
0.85737497
0.85737497
0.02525147
0.0028661555
0
0
0
0
0.8439037
0.85737497
0.85737497
0.85737497
0.85737497
0.85737497
0.85737497
0.63863343
0.6958894
0.85737497
0.85737497
0.85737497
0.85737497
0.30233243
0.75974894
0.85737497
0.85737497
0.85737497
0.85737497
0.85737497
0.85737497
0.85737497
0.85737497
0.85737497
0.85737497
0.7850915
0.6818001
0.44085875
0.65916955
0.84239435
0.85737497
0.85737497
0.70873535
0.42103043
0.85737497
0.85737497
0.85737497
0.85737497
0.85737497
0.85737497
0.46890515
0
0
0
0
0
0
0
0
0
0
0
0
0.024968423
0.06879418
0.049931757
0.054218687
0.05878161
0.07097713
0.007884852
0.15537496
0.09069387
0.0803072
0.07512922
0.09363577
0.08995816
0.041132614
0.04326319
0.10241352
0.08912621
0.08876873
0.10737914
0.07425102
0.021646824
0.06136243
0.04758536
0.045450382
0.058827877
0.078779325
0.032702327
0.058928613
0.039812367
0.047669772
0.03757671
0.030590663
0.022821456
0.051009465
0.08543113
0.065639585
0.06110266
0.060246464
0.053672925
0.031088302
0.19048999
0.69389796
0.85737497
0.85737497
0.85737497
0.85737497
0.85737497
0.026620444
0.0027307754
0
0
0
0
0.85737497
0.85737497
0.79724616
0.85737497
0.85737497
0.84736276
0.7757571
0.5529644
0.7375961
0.85737497
0.8033191
0.85737497
0.85737497
0.33702
0.7891929
0.85737497
0.85737497
0.85737497
0.85737497
0.85737497
0.85737497
0.85454756
0.81104714
0.85737497
0.84025127
0.85737497
0.6543555
0.36462402
0.70332247
0.85737497
0.85737497
0.7712962
0.7019656
0.48591566
0.85737497
0.85737497
0.85737497
0.85737497
0.85737497
0.85737497
0.18173714
0
0
0
0
0
0
0
0
0
0
0
0
0.047102116
0.079655536
0.07771946
0.05920483
0.059713557
0.053721875
0.009566699
0.14356822
0.10262749
0.10553149
0.091440454
0.10012813
0.11882235
0.05826623
0.032514654
0.09831329
0.077230476
0.059053216
0.10779124
0.07138063
0.02810525
0.060703423
0.054028697
0.04024991
0.08317971
0.09614767
0.057165626
0.063915305
0.041237224
0.046647754
0.040925857
0.036189813
0.01736311
0.07728328
0.11150507
0.10384605
0.097949594
0.0993187
0.11705895
0.11292028
0.85737497
0.84935415
0.85737497
0.85737497
0.85737497
0.85737497
0.6004019
0.85737497
0.85737497
0.85737497
0.85737497
0.79147637
0.20315847
0.72022367
0.85737497
0.8565386
0.85737497
0.85737497
0.85737497
0.62211686
0.69084495
0.85737497
0.85737497
0.85737497
0.85737497
0.85737497
0.24873711
0.76692665
0.85737497
0.8010451
0.85737497
0.85737497
0.67616886
0.5320213
0.4691798
0.6279769
0.4764733
0.44946232
0.51790917
0.30454072
0.7933364
0.85737497
0.85737497
0.85737497
0.85737497
0.83397555
0.6551914
0.85737497
0.85737497
0.85737497
0.85737497
0.7759868
0.7303965
0.85737497
0.85737497
0.85737497
0.85737497
0.85737497
0.85737497
0.3280243
0.85737497
0.85737497
0.85737497
0.85737497
0.85737497
0.80601835
0.58886576
0.78502655
0.85737497
0.85737497
0.85737497
0.85737497
0.5584415
0.52623516
0.85737497
0.85737497
0.7494243
0.85737497
0.78889084
0.36566153
0.85737497
0.7746869
0.85737497
0.85737497
0.753182
0.60245246
0.5037841
0.5484014
0.85737497
0.7945799
0.6947059
0.85737497
0.29588306
0.48764044
0.85737497
0.62293553
0.85737497
0.8502418
0.3722885
0.28674474
0.63538694
0.5234998
0.85737497
0.7425535
0.69363874
0.6352991
0.39965332
0.8284541
0.85737497
0.85737497
0.7847026
0.85737497
0.65536803
0.58099073
0.8315627
0.53961945
0.620835
0.6460496
0.44465306
0.6978863
0.57234186
0.43483475
0.7595516
0.4888836
0.31127736
0.1737505
0.4457303
0.7510008
0.64444226
0.5953044
0.83221763
0.46897194
0.25618216
0.46732888
0.4818781
0.501574
0.54593337
0.55534637
0.35823396
0.40665194
0.5909127
0.6659677
0.5348299
0.5639058
0.5105364
0.18117794
0.4733302
0.5593545
0.3878212
0.39145353
0.5363283
0.545945
0.85737497
0.75574493
0.81209755
0.85737497
0.6168166
0.75040907
0.63074666
0.47968996
0.6463717
0.5579478
0.48698586
0.7228338
0.33871144
0.09509512
0.509939
0.40554175
0.45951924
0.5765903
0.37808293
0.33729857
0.37263662
0.43262202
0.6681552
0.52019477
0.6106527
0.55295974
0.38566738
0.54924583
0.85737497
0.5509464
0.59970695
0.73522806
0.40091512
0.28308257
0.380786
0.40850613
0.42186424
0.3662816
0.39235294
0.28557944
0.3201675
0.47967106
0.47484154
0.47540537
0.4904209
0.1046938
0.34244594
0.43690166
0.53030705
0.53735673
0.60046315
0.47763103
0.23278908
0.29706502
0.3745566
0.3813219
0.45734432
0.5375586
0.36877823
0.24653564
0.454809
0.7236641
0.6027454
0.58272
0.80514085
0.4917135
0.72888714
0.57981855
0.50300586
0.6781865
0.53419304
0.435876
0.6040873
0.67477006
0.85737497
0.72156256
0.7346286
0.6920229
0.21635157
0.2492539
0.5624057
0.7132704
0.48561633
0.5874346
0.5278917
0.5012475
0.36325547
0.4401314
0.54796904
0.665569
0.6202072
0.5061019
0.2319685
0.45696676
0.6055478
0.52920395
0.5706397
0.6038514
0.40793452
0.18249214
0.57895875
0.7163104
0.6448194
0.5956417
0.67223436
0.6106035
0.8258824
0.5566476
0.83209026
0.7819493
0.6485086
0.75687736
0.5639596
0.61521125
0.82108945
0.5438755
0.7246121
0.62045944
0.34518486
0.50870067
0.8055939
0.6424222
0.85737497
0.7776337
0.6680897
0.65606797
0.4309067
0.6519109
0.76446223
0.58035195
0.7461933
0.59748375
0.51893383
0.8423209
0.85737497
0.70487356
0.85737497
0.8134257
0.56034684
0.35076165
0.5127029
0.6085451
0.69417876
0.7277181
0.6655195
0.3103964
0.2187886
0.3003801
0.3821062
0.38304484
0.37418187
0.15428354
0.1847215
0.24759752
0.41059455
0.3896288
0.46675044
0.44322392
0.46661592
0.29321936
0.47496337
0.52094674
0.56705433
0.66640335
0.2316819
0.14598462
0.36492985
0.6402694
0.4293502
0.45179254
0.47952536
0.39296684
0.5555586
0.6763341
0.55007076
0.85737497
0.606042
0.63365084
0.85737497
0.64785755
0.8124268
0.798674
0.5692513
0.7871562
0.473408
0.20901196
0.5643394
0.64427686
0.5431471
0.85737497
0.6203353
0.56263983
0.24213369
0.79377043
0.50116706
0.85737497
0.52583367
0.8029511
0.5766804
0.57489854
0.85737497
0.6932647
0.7990307
0.85737497
0.4729054
0.31582433
0.7191192
0.7684512
0.6374582
0.79457176
0.85737497
0.50986785
0.71730417
0.56909746
0.85737497
0.6093979
0.74510705
0.8192178
0.5777207
0.7840435
0.77161855
0.603188
0.8141412
0.49398753
0.31909472
0.40237534
0.6261512
0.5861231
0.8039619
0.56022507
0.70760745
0.34836853
0.3203837
0.58895695
0.46442458
0.4693053
0.6603244
0.23718351
0.5462982
0.85737497
0.7346989
0.7222845
0.85737497
0.64951724
0.5823449
0.27191517
0.37297076
0.5167765
0.58750814
0.6403738
0.49052098
0.21886832
0.36412865
0.35964024
0.47764736
0.4902426
0.4511103
0.2677746
0.49714166
0.62559205
0.5511388
0.5665648
0.56949073
0.46638858
0.16457386
0.44402343
0.5288851
0.714605
0.7209005
0.64487684
0.35500604
0.2290786
0.6021423
0.7956415
0.5686593
0.85737497
0.66515505
0.7039022
0.85737497
0.59947944
0.85737497
0.7329299
0.5956173
0.85737497
0.6266085
0.68819714
0.85737497
0.58271414
0.77535284
0.5634004
0.19145234
0.069079645
0.45573354
0.43043783
0.7187474
0.7480621
0.57204854
0.5209932
0.4906564
0.5254267
0.85737497
0.5423221
0.85737497
0.534152
0.47511646
0.57340515
0.8470381
0.63445276
0.75838137
0.85737497
0.65795493
0.62434685
0.57873815
0.6147917
0.64319295
0.85617393
0.72711104
0.5117549
0.762994
0.7627467
0.85737497
0.62450516
0.84560996
0.7077934
0.28401807
0.67056304
0.48883125
0.6081594
0.671513
0.52990955
0.44693315
0.3250184
0.4121634
0.46982193
0.57237107
0.4529611
0.6788202
0.4964445
0.40125024
0.6998722
0.50196564
0.61722654
0.6921606
0.417737
0.36243728
0.609466
0.48555994
0.5661392
0.6306537
0.48654768
0.41827646
0.5149508
0.59050584
0.68796563
0.6960975
0.7191111
0.6561483
0.38133162
0.69531083
0.67184925
0.85737497
0.85737497
0.78260154
0.4731421
0.46694323
0.5224878
0.66429293
0.7710609
0.68323386
0.81261855
0.32881933
0.29884765
0.3984017
0.37006178
0.4062956
0.39845297
0.14087804
0.21810313
0.3648974
0.47689766
0.5514588
0.5715823
0.68223745
0.6066175
0.67144334
0.71439254
0.676265
0.6836804
0.67833257
0.602794
0.67369133
0.6231735
0.57986546
0.58847505
0.54942715
0.5685558
0.39381492
0.32591426
0.4343648
0.5920317
0.6513482
0.6616377
0.51435494
0.25413722
0.46981534
0.7875816
0.8266323
0.8254713
0.77619165
0.6456646
0.29692262
0.42235607
0.43834507
0.46788692
0.5705109
0.51446563
0.3778163
0.34299895
0.38945198
0.50258464
0.5368724
0.61574864
0.6584959
0.64981383
0.56772596
0.57497907
0.5542846
0.6065308
0.62444466
0.6250618
0.57501227
0.6223818
0.57892966
0.6139263
0.5924052
0.59412336
0.29592517
0.4165784
0.44864056
0.51566803
0.48157024
0.49739307
0.54925907
0.2655229
0.52905536
0.61570626
0.67482626
0.790382
0.72455806
0.7260195
0.6826069
0.5951214
0.54273975
0.5842067
0.61341673
0.5466072
0.27880317
0.37282598
0.4280972
0.4910096
0.5321887
0.54259914
0.44194114
0.29016814
0.52743953
0.58115
0.617141
0.6623642
0.62664634
0.44238317
0.54739416
0.5052569
0.57623124
0.56740856
0.542366
0.5001288
0.27470532
0.5988581
0.6277233
0.69151276
0.6550871
0.6596001
0.6097221
0.42428073
0.4207776
0.6022059
0.6364119
0.51700103
0.7341328
0.49516213
0.6477296
0.7222997
0.49895942
0.7897898
0.68553436
0.56855047
0.7891284
0.6138872
0.6845921
0.79983115
0.5718503
0.78600734
0.42561054
0.33015922
0.35471672
0.56181747
0.4506462
0.54555887
0.5891135
0.33490133
0.565418
0.7069494
0.80556107
0.79386973
0.8412319
0.85737497
0.85737497
0.85737497
0.85737497
0.85737497
0.85737497
0.85737497
0.6123175
0.43647453
0.6194296
0.49449533
0.7416094
0.6855477
0.53335017
0.6175522
0.49967012
0.52629036
0.65552634
0.50213534
0.7135295
0.62359023
0.3695753
0.5382686
0.7225989
0.5378849
0.8556981
0.4857358
0.6682429
0.4198953
0.64401704
0.638447
0.71146554
0.6325937
0.60737765
0.42435536
0.45656386
0.6832799
0.51439846
0.7287222
0.5678533
0.5566252
0.46241876
0.60095084
0.53928906
0.6779085
0.72844726
0.5867512
0.48472717
0.4233809
0.56089574
0.63782346
0.6227029
0.66986907
0.5069502
0.32392466
0.4474247
0.59754884
0.6730183
0.77016276
0.7430666
0.3291758
0.41957456
0.46365497
0.59937114
0.59625256
0.77428484
0.5580183
0.75061536
0.4678168
0.75363326
0.52856344
0.75870407
0.6160517
0.10673287
0.6103516
0.6659972
0.62188035
0.85737497
0.78775
0.85737497
0.85737497
0.7823142
0.49512896
0.018890144
0
0
0
0
0
0
0
0
0
0.38461754
0.7068772
0.62544525
0.75975186
0.76421106
0.5861037
0.8377429
0.17475633
0.3953243
0.42654395
0.16012272
0.000895657
0
0
0
0
0
0
0
0
0.5369036
0.6738783
0.7739111
0.85737497
0.8227971
0.85737497
0.85737497
0.82052666
0.85737497
0.52969897
0.32639968
0.09381128
0
0
0
0
0
0
0
0
0
0
0
0
0
0
0
0
0
0
0
0
0
0
0
0
0
0
0
0
0
0
0
0
0
0
0
0
0
0
0
0
0
0
0
0
0
0
0
0
0
0
0
0
0
0
0.25983858
0.85737497
0.6813402
0.85737497
0.85737497
0.7060263
0.85737497
0.74805653
0.8327845
0.7928945
0.35459444
0.022808494
0
0
0
0
0
0
0
0
0.562648
0.76102626
0.7532628
0.85737497
0.73567384
0.85737497
0.85737497
0.3317832
0.54058796
0.5297302
0.27640334
0.090314254
0.017445182
0.0015912107
0
0
0
0
0
0.021470286
0.5796258
0.84953904
0.85737497
0.85737497
0.84973043
0.85737497
0.85737497
0.85737497
0.85737497
0.4808357
0.3404999
0.046411507
0
0
0
0
0
0
0
0
0
0
0
0
0
0
0
0
0
0
0
0
0
0
0
0
0
0
0
0
0
0
0
0
0
0
0
0
0
0
0
0
0
0
0
0
0
0
0
0
0
0
0
0
0
0
0
0.04779508
0.47471607
0.81070983
0.548655
0.7250967
0.702996
0.62292886
0.85737497
0.40195814
0.33353838
0.02681872
0
0
0
0
0
0
0
0
0
0
0
0
0
0
0
0
0
0
0
0
0
0
0
0
0
0
0
0
0
0
0
0
0
0
0
0
0
0
0
0
0
0
0
0
0
0
0
0
0
0
0
0
0
0
0
0
0
0
0
0
0
0
0
0
0
0
0
0
0
