0
0.25805044
0.37578174
0.3245938
0.3100899
0.20061588
0.14635126
0.084050804
0.081328176
0.01058832
0
0.18720756
0.15259764
0.037656046
0
0.048809763
0.11947979
0.16815054
0.290861
0.2642607
0.17011225
0.13299252
0.08010419
0.04556623
0.033916283
0.036535036
0.2335232
0.2712836
0.2486844
0.1718819
0.08807317
0.14382122
0.19484867
0.22415388
0.20891738
0.13965328
0.07190929
0
0
0
0
0
0
0
0
0.013020329
0.21404907
0.13688236
0.1531203
0.09027311
0.050550397
0.024553573
0
0
0
0
0
0
0
0
0
0.22203292
0.19120105
0.20342118
0.1239828
0.09670459
0.07644129
0.04735833
0.015240061
0.094700694
0.13517457
0.20062694
0.10127759
0.0068195304
0
0.18902947
0.2269662
0.21891364
0.20311883
0.13053142
0.06790392
0.007691425
0
0
0.33431602
0.3423492
0.3046749
0.14446428
0.011173998
0.16417323
0.31752542
0.30670395
0.33533368
0.2670222
0.174103
0.21871935
0.02603818
0
0
0
0
0
0
0
0.31559035
0.3049198
0.27397844
0.20525955
0.20458825
0.16627675
0.17001101
0.14813013
0.17031652
0.15082897
0.12854898
0.15679611
0.11768558
0.06152069
0.037077818
0.21672125
0.1347977
0.21215348
0.14423634
0.10114429
0.026736783
0.013672114
0.022147473
0
0.0033411712
0.12584624
0.21361858
0.12135755
0.068296485
0
0.26851565
0.23683035
0.19068871
0.115704924
0.059841327
0.06439842
0.034404416
0
0
0.10774339
0.26997364
0.23349082
0.18396567
0.16677044
0.016158959
0.26178557
0.2854827
0.27279606
0.20258665
0.090454705
0
0
0
0
0
0
0
0
0
0.25934833
0.24332353
0.23599125
0.20132823
0.14004688
0.08008441
0
0
0
0
0
0
0
0
0.06429627
0.21764627
0.20807667
0.22523658
0.17533568
0.10186615
0.06841449
0.02269788
0
0
0.167554
0.18664949
0.07859586
0.057258934
0.026471922
0.15748222
0.21455683
0.24501143
0.20114385
0.17487377
0.11348399
0.067748286
0.0085298745
0
0.17832948
0.20672935
0.2998509
0.20096914
0.12151015
0.097097784
0.24830104
0.3261431
0.2565503
0.35679442
0.3616599
0.25852516
0.21027422
0.017363597
0
0
0
0
0
0.03041612
0.30349684
0.34195247
0.3791946
0.34583768
0.2932379
0.24565668
0.1623963
0.13301341
0.11925772
0.13282096
0.12426065
0.09917917
0.07442686
0.098215684
0.1556303
0.39932936
0.36922163
0.26793423
0.11140286
0.059395
0.017266676
0
0
0
0.09659736
0.08541543
0.065160066
0
0
0.021183433
0.055028263
0.061078947
0.05831026
0.035827562
0.0125729265
0.0026575695
0
0
0.008508398
0.21051632
0.17848808
0.10386703
0.016618643
0
0.06046085
0.022400806
0.017914608
0.023892414
0.013330587
0
0
0
0
0
0
0
0
0
0.103822514
0.27474394
0.18102102
0.12082589
0.059187155
0
0
0
0
0
0
0
0
0
0.04391922
0.45743665
0.47945556
0.5049272
0.44089887
0.32189885
0.13394536
0.057133544
0.058339454
0.015458977
0.18192375
0.4143483
0.3808602
0.28044555
0.08657485
0
0.29409114
0.14033166
0.10199977
0.1252439
0.12034607
0.10835371
0.07127377
0.03158379
0.067487866
0.2656794
0.20879681
0.1205722
0.04709986
0
0.2546406
0.77421993
0.37163168
0.25557953
0.22956146
0.25238094
0.15375024
0.06680511
0
0
0
0
0
0
0
0.64076245
0.34143502
0.19467296
0.059855144
0.03698648
0
0
0
0
0
0
0
0
0
0.048949126
0.26651347
0.32372332
0.2292142
0.14912692
0.109379396
0.069241665
0.01626826
0
0
0.27559736
0.36927515
0.27518257
0.10416695
0
0.1587543
0.3221752
0.34191826
0.2709283
0.20845692
0.17817117
0.15744004
0.12879
0
0.39238253
0.27854234
0.2256202
0.15744266
0.034613706
0.0736583
0.4308589
0.2845109
0.24729134
0.21606252
0.1971687
0.17233236
0.10780334
0
0
0
0
0
0
0.08485752
0.2862198
0.5294877
0.7839474
0.7766707
0.9760198
0.7236519
0.9952168
0.76186633
0.71711683
0.48164353
0.3636034
0.43395755
0.40680552
0.51740646
0.479121
0.39795908
0.36062014
0.3538218
0.36260366
0.3450791
0.34185094
0.36316583
0.26330018
0.38827154
0.5152712
0.38060158
0.3555235
0.30601466
0.28191665
0.2123292
0.15741849
0.11820336
0.108559355
0.10024596
0.10542108
0.09347112
0.080556214
0.09373957
0.058235966
0.042590536
0.03223701
0.04921857
0.056040347
0.05776742
0
0
0
0
0
0
0
0
0.005523529
0.020754743
0.047254175
0.07321574
0.08510092
0.07157134
0.061754387
0
0.0017586983
0.032586444
0.07690496
0.1056706
0.119057246
0.13909602
0.19282326
0.19470559
0.18598925
0.21025889
0.23262483
0.24649364
0.2508932
0.24903291
0.36225688
0.7200481
0.50718284
0.511742
0.4872277
0.6439781
0.5925767
0.5704824
0.4664483
0.36626843
0.42418683
0.49211314
0.5507785
0.59738886
0.4936865
0.72955936
0.45964718
0.46876243
0.43376106
0.4895209
0.36048672
0.37707472
0.4460024
0.50026983
0.39312068
0.4232226
0.47524095
0.55324167
0.70424134
0.2379886
0.48595402
0.4051662
0.48456377
0.49756372
0.32001427
0.3712648
0.2739053
0
0
0
0
0
0
0.22152494
0.48874637
0.4988527
0.48342517
0.39733028
0.46515265
0.51914334
0.3774709
0.12123142
0
0
0
0
0
0.096746415
0.43190423
0.6046866
0.5424325
0.50924873
0.64256406
0.5706574
0.55773085
0.51441854
0.5455321
0.35881758
0.47110444
0.45822862
0.5790272
0.53070134
0.4581571
0.59521586
0.67871416
0.5388353
0.47882062
0.44652495
0.5802732
0.48149008
0.51055866
0.51327264
0.37206382
0.40953133
0.3983238
0.43271917
0.32285553
0.21308781
0.35425237
0.33045095
0.43857408
0.47563735
0.4841376
0.42702264
0.32881325
0.08513739
0.012836614
0
0
0
0
0.4002047
0.3043909
0.4123462
0.70010346
0.5305678
0.59123397
0.51060796
0.6171287
0.5979745
0.51518613
0.6241055
0.67541355
0.55600697
0.46883228
0.32319146
0.31208092
0.38777953
0.57749784
0.45630157
0.5546578
0.6349324
0.5309629
0.5738974
0.49243915
0.521733
0.2523276
0.3945858
0.278788
0.37743953
0.31867838
0.3591782
0.6630233
0.4914549
0.5416657
0.6017856
0.59349173
0.52958137
0.51365274
0.38940546
0.5350606
0.37723204
0.45216182
0.41031867
0.39079666
0.3206533
0.33636233
0.35307407
0.41074908
0.41717622
0.47353756
0.55697465
0.60432464
0.36006048
0
0
0
0
0
0
0.40473276
0.45610955
0.49397805
0.5212375
0.4206379
0.45280784
0.6182869
0.3515978
0.17129315
0
0
0
0
0
0.092868395
0.3326827
0.47597307
0.4986328
0.48137018
0.5460915
0.6521844
0.62227243
0.4686341
0.4384835
0.35524002
0.46176264
0.48617625
0.5241331
0.4618354
0.6873392
0.87340146
0.6053433
0.5241524
0.40189958
0.47739354
0.4394325
0.50459504
0.60257024
0.51319605
0.47530878
0.4570907
0.4181643
0.38176563
0.65458465
0.3730419
0.5319583
0.5131344
0.3361295
0.5268414
0.7026347
0.7003436
0.68893033
0.12783115
0
0
0
0
0
0.09087833
0.6358534
0.4595801
0.44864509
0.34361565
0.35518178
0.37063193
0.64803404
0.68149865
0.49536166
0.3051403
0.24404755
0.2628008
0.4109402
0.47899723
0.5506902
0.4150936
0.74433494
0.54438466
0.6020035
0.6681455
0.75997823
0.69278353
0.5423512
0.4672704
0.40280434
0.5016909
0.42506257
0.507593
0.58770055
0.39785573
0.78097177
0.5121731
0.55063653
0.5719475
0.4917996
0.40029317
0.41080815
0.37109485
0.4983662
0.40135247
0.46319178
0.63255584
0.6829249
0.51056373
0.3535896
0.36501423
0.43267685
0.50501907
0.56792563
0.27710375
0.37529933
0.3169499
0
0
0
0
0
0
0.26767045
0.5519679
0.5722817
0.5720937
0.47607413
0.484066
0.5642176
0.45603645
0.16501036
0
0
0
0
0
0.010410403
0.34847677
0.4762798
0.4601623
0.4525902
0.46829376
0.505237
0.51534456
0.4442106
0.4326851
0.4832305
0.29806405
0.5518478
0.46132413
0.45407847
0.46076304
0.6013327
0.7261645
0.612289
0.6383391
0.456061
0.5457327
0.628473
0.5988117
0.4970842
0.25838196
0.43844488
0.3870196
0.43043274
0.4331604
0.3368728
0.34547263
0.4004958
0.5379704
0.56076956
0.6896031
0.8506217
0.63550276
0.39339948
0.0070429654
0
0
0
0
0.015990524
0.3749636
0.37853125
0.42563945
0.4494806
0.3294739
0.3292951
0.44939527
0.49552152
0.57477397
0.32404906
0.4303886
0.4274454
0.38666895
0.48783326
0.4095783
0.44972354
0.5579208
0.55730116
0.5843814
0.4806254
0.53686947
0.6499018
0.5190876
0.4234117
0.30045637
0.41205004
0.4279691
0.44400057
0.4792771
0.47206926
0.39759848
0.37602556
0.21507494
0.33381695
0.33426198
0.21699955
0.30607304
0.28672487
0.3394825
0.3610942
0.38408908
0.62039334
0.6331925
0.6818149
0.351817
0.4223747
0.4142588
0.5733047
0.6085635
0.5300577
0.4497379
0.5273791
0
0
0
0
0
0
0.31350955
0.32207575
0.42491412
0.35514215
0.44116005
0.50770926
0.73300296
0.77422607
0.7110222
0.65021974
0.21357687
0.67317617
0.44770324
0.3941397
0.47032094
0.63966614
0.73784673
0.7430221
0.63323206
0.47601905
0.3140989
0.3365991
0.2921955
0.33421674
0.3944482
0.4103476
0.50215673
0.5709932
0.57793844
0.5239585
0.80199915
1
0.95280963
1
0.918831
0.95115393
0.87355626
0.807095
0.72058016
0.6672044
0.6954526
0.57030356
0.5050631
0.45506778
0.26325062
0.21335272
0.1775829
0.1807479
0.19908226
0.26044783
0.2960254
0.36976612
0.38984725
0.33364344
0.31450775
0.5286632
0.5616516
0.52248603
0.39955685
0.517157
0.28814432
0.23921977
0.19449303
0.18330072
0.44165462
0.20683232
0.18565616
0.272692
0.26544762
0.5965801
0.45465446
1
0.9444844
0.50529337
0.18233247
0.24895804
0.30405772
0.3946255
0.35920805
0.36813068
0.4247763
0.34107938
0.47825333
0.3616181
0.41399974
0.36781207
0.29604402
0.25905892
0.28041714
0.25423655
0.1506555
0.079819866
0.16656736
0.17836046
0.1682325
0.09735636
0.12978168
0.07777381
0.032184236
0.037381656
0.023150237
0.04580762
0.0053367787
0
0
0.03001626
0.012028851
0.026309732
0
0.0062493235
0.06945232
0
0.060698923
0.060270533
0
0.056969505
0.025647344
0
0.047637016
0.058219437
0.053025905
0.059963692
0.066789195
0.10801263
0.09389923
0.0417551
0.043828342
0
0.03834888
0.027918665
0.066592276
0.07230211
0.012719196
0.020331196
0.0053166244
0.07855521
0.014238093
0.0062912176
0.055335376
0.0040138643
0
0
0.0014376738
0.02727349
0.054330826
0.022611663
0
0
0
0
0
0
0.007883512
0
0
0
0
0
0
0
0
0
0.40319857
0.35124442
0.4762141
0.50579894
0.47544807
0.39799348
0
0
0
0
0
0.59682256
0.52650213
0.6230215
0.7162782
0.783088
0.11291909
0
0
0
0.0625097
0.6215665
0.51589453
0.47754812
0.4209455
0.24108833
0
0
0
0
0.1664744
0.42501155
0.44833487
0.49434754
0.5026454
0.40578625
0.5083357
0.5531503
0.5579189
0.66999453
0.683962
0.5522704
0.6576317
0.48070517
0.3584855
0.3154717
0.51015174
0.50326365
0.6085203
0.4495158
0.25623766
0.24835289
0.23153476
0.16575922
0.22191097
0.23996896
0.3262441
0.34570873
0.2734541
0.33989623
0.2845374
0.29171136
0.21627992
0.22768447
0.24388163
0.23132887
0.21424218
0.15656833
0.1880679
0.19346008
0.1839791
0.15456761
0.054733068
0.13042425
0.18122502
0.12296219
0.1709416
0.18680009
0.15346977
0.16360137
0.12955002
0.05314794
0.05338457
0.025007911
0.06654365
0
0
0
0
0
0
0
0
0
0.0055976235
0.038270466
0.029735496
0.047016285
0
0
0
0.024194371
0.0830182
0.11249009
0.13381906
0.13787359
0.09423543
0.0061736014
0
0
0
0
0
0
0
0
0
0
0
0
0
0
0
0
0
0
0
0
0
0
0
0.00039960336
0
0
0
0
0
0
0
0
0
0
0
0
0
0.054581877
0.23604324
0.3305506
0.3006377
0.3679645
0.35038164
0.41336924
0.41690952
0.40958032
0.3573765
0.37175182
0.33477077
0.3484254
0.41672638
0.34612194
0.33830562
0.38044855
0.24496305
0.22010294
0.23793465
0.21936841
0.23407324
0.21927433
0.15588427
0.2100359
0.11061615
0.15108806
0.15376471
0.26055244
0.2746304
0.29289943
0.27179557
0.18798889
0.12242583
0.23751293
0.24590386
0.1708501
0.16482966
0.14595681
0.093557335
0.18876068
0.20130278
0.10754532
0.14989416
0.14185394
0.2141232
0.22588818
0.31531715
0.46548763
0.24650817
0.24834298
0.1855695
0.18714447
0.20288281
0.1881407
0.23423688
0.29981858
0.19349058
0.14801037
0.05049171
0.086532734
0.11655194
0.097685084
0.1068662
0.07948057
0.01836914
0.0833639
0.12658969
0.081781484
0.109765574
0.118572555
0.040735967
0.11627389
0.043367144
0.1039691
0.24895555
0.29776922
0.17671095
0.13204804
0.13576701
0.03065384
0.038321536
0
0
0
0
0
0
0
0.21437041
0.35329872
0.36312243
0.4313143
0.45211843
0.32740924
0
0
0
0
0
0.5104011
0.4656656
0.5850289
0.55306286
0.5102816
0.35679293
0.0040226127
0
0
0
0.24293147
0.4477003
0.5324517
0.505832
0.59475446
0.015129055
0
0
0
0.088606276
0.44758448
0.32901135
0.40245882
0.3896559
0.47633782
0.57479376
0.41782156
0.27363297
0.27455297
0.34562618
0.39190292
0.42917967
0.36489078
0.29378906
0.37870926
0.20340191
0.2595226
0.46759975
0.45074546
0.43483496
0.30930984
0.23695162
0.0013167247
0.09639803
0.12640347
0.22109981
0.16407314
0.11293135
0.14591826
0.113203876
0.08572499
0.018487638
0.031314444
0.0148576135
0
0
0
0
0.0036277566
0.004389603
0
0.035454545
0.23869203
0.1535619
0.25801945
0.25241262
0.17267703
0.10963623
0.14508176
0.19343048
0.15563263
0.08046719
0.100270554
0.04553496
0.062063627
0.015243501
0
0.043135196
0.09946101
0.05597235
0.006758235
0
0
0
0
0
0
0
0
0
0
0
0.07100999
0.013011795
0.004760126
0.032467835
0.011687948
0
0
0
0
0.05694942
0.092980444
0.0014753109
0
0
0
0.071856916
0
0
0
0
0
0
0
0
0
0
0
0
0
4.7188572E-05
0
0.0019681687
0
0.038958
0.1327706
0.11885
0.33884096
0.19509499
0.5497616
0.5985833
0.6147718
0.13476382
0
0.22410734
0.08972557
0
0.047495604
0
0.33364576
0.3248522
0.18132395
0.11336018
0.018798577
0.62625945
0.47755355
0.5185667
0.43525392
0.2739269
0.5301346
0.5931625
0.4913153
0.47389802
0.039941054
0.4786639
0.3848328
0.350464
0.09530981
0
0.2648927
0.47761896
0.34022483
0.27552328
0.12271815
0.39754185
0.7358424
0.7246464
0.63627523
0.18568863
0.535167
0.48450923
0.50938123
0.100711554
0.58426905
0.7110336
0.6672456
0.49024105
0.17537116
0.3767469
0.54389584
0.44256333
0.28653193
0.17036684
0.45553374
0.5700287
0.38701585
0.2515608
0.022985768
0.4959801
0.49071392
0.37638137
0.27043167
0.13020866
0.1988811
0.15137586
0.10935596
0.06390296
0.24197021
0.33440372
0.1763741
0.09412664
0.028408716
0.5447964
0.37218028
0.16349934
0.25898668
0.099887446
0.39887342
0.4062835
0.3982385
0.24607135
0.11836423
0.6104961
0.40098062
0.22969644
0.26070857
0.14999036
0.50619256
0.13059597
0.25524676
0.060325366
0.2701908
0.27500707
0.12511797
0.13196364
0.19351216
0.07421999
0.36791047
0.20738067
0.08314778
0
0.21017043
0.15540408
0.123132356
0.17623828
0.008388387
0.4994936
0.64087987
0.28170103
0.11647119
0.07515837
0.645841
0.26523995
0.14923622
0.05218973
0.19383489
0.59822637
0.47235522
0.36701193
0.13327798
0.12149255
0
0.26703537
0.06678247
0.10722812
0.0134038
0.09710948
0.16485365
0.059213664
0
0.1977584
0.23990616
0.20779772
0.16137093
0.17085145
0.11373617
0.2866329
0.20705195
0.32183024
0.19515721
0.08427084
0.27257606
0.06351
0.05117583
0.028789124
0
0.17038034
0.0455645
0.10599278
0
0.21175975
0.044619434
0.07385318
0.12734808
0.14017291
0.17124283
0.19356394
0.047147106
0
0
0.20987354
0.20529243
0.17946707
0.10050032
0.033474784
0.16241628
0.37961143
0.3654313
0.29886463
0.117635764
0.24120744
0.15350667
0.11234328
0.034856983
0.013542687
0.46138012
0.2778713
0.30362937
0.29000276
0.20085682
0.17022252
0.34743902
0.28551832
0.45322725
0.40445504
0.4709129
0.33002895
0.168634
0.10286449
0.06359129
0.21936919
0.069520384
0.007521702
0
0.107579775
0.4192266
0.5256588
0.6064228
0.36268637
0.14269389
0.24194938
0.25296268
0.16648598
0.07733487
0.08787751
0.21182638
0.011642978
0.07977108
0.3144956
0.14228532
0.059805512
0.2676409
0.25367486
0.22321391
0.2483074
0.2342918
0.10872912
0
0
0.23732373
0.21965544
0.25058252
0.1345884
0.05337334
0.33950365
0.2664071
0.2554167
0.19366512
0.4590844
0.5904327
0.26343858
0.19579048
0.28172502
0.5309727
0.5570451
0.4185899
0.26892918
0
0.7423127
0.4396673
0.36032826
0.3062307
0.07125599
0.23824802
0.5708936
0.43286005
0.3528197
0.013194771
0.84125865
0.72943735
0.6512346
0.58765405
0.0047397083
0.41564724
0.70890594
0.70076495
0.60930103
0.3576021
0.3863331
0.42989403
0.4470856
0.3760257
0.06300399
0.358334
0.51736546
0.5012887
0.33852974
0.130787
0.2857923
0.37172562
0.4749884
0.42673826
0.12311488
0.70484966
0.7541074
0.71430486
0.26119643
0.3246426
0.95902824
0.8435204
0.96425
0.36809075
0.43050095
0.63956136
0.5367254
0.53194654
0.31578702
0.6537181
0.5608943
0.5138958
0.46773592
0.07827636
0.6317912
0.39862683
0.41186225
0.33358732
0.21211095
0.3269232
0.38979176
0.26171178
0.22972572
0.15375388
0.4774615
0.40552598
0.36318785
0.23144381
0.40268636
0.7780509
0.8844446
0.7530244
0.15709203
0.23549068
0.58780843
0.47169998
0.36936614
0.27828017
0.39283758
0.5111227
0.40014812
0.31563607
0.1507818
0.3116523
0.26600674
0.3092531
0.30119357
0.25294673
0.2765645
0.4235329
0.4609279
0.56477916
0.1387514
0.5191913
0.5707855
0.64746445
0.63433945
0.013141293
0.51259863
0.6057233
0.6581654
0.5641233
0.088794574
0.73730105
0.68097913
0.7424759
0.71715903
0.35052523
0.79027504
0.70631576
0.7127729
0.56454915
0.41157338
0.6047577
0.6740179
0.6558896
0.5214955
0.19713658
0.21639517
0.3649383
0.41186163
0.34968948
0.3380624
0.39343
0.38773108
0.44028127
0.35583028
0.551507
0.6898297
0.6424477
0.62929213
0.48407772
0.3604564
0.5104111
0.62667555
0.59398705
0.42150238
0.4427694
0.6024796
0.5962311
0.70746094
0.42039162
0.17984986
0.5316177
0.6176065
0.65133333
0.5468838
0.1458766
0.18922982
0.33742929
0.4458423
0.3478494
0.5256504
0.58717823
0.5453162
0.47915095
0.2598313
0.47106215
0.65886706
0.90316004
0.73443836
0.31627443
0.45090756
0.634527
0.56386715
0.47680858
0.3367492
0.570609
0.6026222
0.7224459
0.2892018
0.4400796
0.649957
0.846065
0.7535034
0.47796187
0.30894887
0.509614
0.5434551
0.5111232
0.6230726
0.5391391
0.65650034
0.880314
0.80983645
0.5424285
0.50892204
0.7232218
0.78039896
0.80197823
0.46495178
0.44119918
0.39033705
0.4251779
0.5288688
0.4037318
0.53913957
0.6745343
0.83107066
0.82422906
0.395433
0.64974606
0.90839416
1
0.71810806
0.37815297
0.5029915
0.46908644
0.6321326
0.48255217
0.48535773
0.59255654
0.61986756
0.5849212
0.4561438
0.55234766
0.77174026
0.6372003
0.6916556
0.4183668
0.5557758
0.52889305
0.47145784
0.61004716
0.78442454
0.58200634
0.87401325
0.9250141
0.612635
0.597051
0.83195806
1
0.95301974
0.71686053
0.7289263
0.50477403
0.6245465
0.6731633
0.6913697
0.71066284
0.7335082
0.8351473
0.9542788
0.64833885
0.46792245
0.68052393
0.69401973
0.6884733
0.63827235
0.6178565
0.6196671
0.61784685
0.72798
0.84280515
0.67512995
0.7455213
0.9013785
1
0.45762432
0.49886662
0.6801903
0.8165404
0.903964
0.71775854
0.44611007
0.64637816
0.7147441
0.7092826
0.76176226
0.77762187
0.86784416
1
0.8743051
0.3612937
0.47117567
0.65228814
0.72912216
0.711925
0.7594415
0.85369307
0.7382229
0.58229846
0.66017497
1
0.9214703
1
1
0.8650896
0.50381356
0.5811148
0.5056556
0.5149647
0.72255576
0.4474806
0.603482
0.9335794
0.79720825
0.8022381
0.69476545
0.8829639
1
1
0.60315543
0.55409133
0.7194934
0.8411105
1
0.8535893
0.73538595
0.92703885
0.89163345
1
0.85855263
0.8599422
0.7000827
0.8080167
0.824256
0.49491638
0.67687064
0.7014707
0.690725
0.6531758
0.33455944
0.43878722
0.5855709
0.53507113
0.68842643
0.56583965
0.5116724
0.509057
0.6972037
0.734599
0.36503366
0.5799816
0.86011064
0.7609595
0.74521863
0.5170817
0.55533373
0.64163065
0.58031327
0.46700346
0.36943775
0.5698461
0.6501749
0.619661
0.50508803
0.59719914
0.9630197
0.8604482
0.93169355
1
0.47609824
0.2832031
0.18750653
0.13426161
0.56758845
0.33035654
0.19344833
0.053341173
0.020419484
0.51166415
0.38132164
0.3028693
0.13452533
0.049001403
0.55322385
0.35278648
0.22729366
0.17210318
0.10249768
0.47431213
0.35127202
0.2613078
0.17846903
0.22331831
0.64625317
0.39485526
0.2707801
0.22549859
0.4014976
0.5962706
0.4108696
0.38993418
0.21250586
0.38386512
0.41977072
0.25441226
0.17670967
0.13114026
0.5072745
0.4949147
0.34890142
0.2704428
0.28219518
0.6263218
0.55644166
0.38465884
0.30123737
0.20067452
0.64606905
0.37702417
0.285643
0.21637851
0.19724445
0.75585616
0.46047178
0.39425358
0.30049005
0.24863924
0.7040432
0.3995209
0.41448334
0.34733397
0.25097
0.73225677
0.46172473
0.3808313
0.3050476
0.3654937
0.52864236
0.39861855
0.27586603
0.16557552
0.5185476
0.7209663
0.40270472
0.30892745
0.32363123
0.43118313
0.6892881
0.56314075
0.44137013
0.18303856
0.19441277
0.2710095
0.35451224
0.22509763
0.050161816
0.065174945
0.20693417
0.28701296
0.31261393
0.24901691
0.29802236
0.4480779
0.35089782
0.30145562
0.15821706
0.23823816
0.50669944
0.51880836
0.34927964
0.15968622
0.12603036
0.27001595
0.2994913
0.24888127
0.27116612
0.5014064
0.52364737
0.47705343
0.50517476
0.30943495
0.41325244
0.62405866
0.6734431
0.6100917
1
0.6344557
0.8131716
0.9089945
0.8714051
0.6838191
0.82451063
0.8750956
0.91799533
1
0.4968118
0.6982826
0.76261723
0.9728214
0.9320023
0.9514348
0.8792092
0.82635665
0.7321964
0.85545343
0.8218229
0.772961
0.9976292
0.8688824
0.67800146
0.3545376
0.68005365
0.913236
0.7726801
0.89447784
0.57302004
0.9209248
0.4421612
0.13866135
0.30142322
0.61854994
0.9735788
0.97415024
0.8491946
0.7872206
1
1
1
0.055608314
0.32129434
0.610187
0.7679622
0.76863194
0.7800303
0.76791507
0.7829686
0.7808153
0.86288327
0.8106111
0.84529847
0.9625274
1
1
1
0.65853274
0.6449142
0.6702176
0.86306584
0.8209882
0.8948642
0.7181537
0.5026894
0.47877082
0.41432413
0.5390539
0.95257765
0.9762468
1
1
0.87983423
0.8588823
0.7686043
0.72655153
0.6823764
0.9033809
1
0.9503034
0.9265225
0.3978769
0.40965635
0.68917567
0.7736549
0.8146324
0.53940624
0.2514928
0.36962712
0.014772987
0.074992456
0.5071909
0.9657222
0.9261301
0.95482415
1
1
1
1
0.10601758
0.45784178
0.38777068
0.48908535
0.5784067
0.61682516
0.5744697
0.65404576
0.7229326
0.80700374
0.86878884
0.68659616
0.8868241
0.8163969
0.6832873
0.71011394
0.50572747
0.49695122
0.7519063
0.7379977
0.8533317
0.8514169
0.77892226
0.62023
0.6449627
0.8384526
0.31820562
0.64993244
0.6982743
0.7361406
0.7231889
0.78904015
0.7945159
0.7916705
0.76996076
0.72269046
0.68036264
0.7882294
0.9547971
0.86287016
0.5427876
0.43577516
0.833465
0.7076232
0.6711459
0.7803409
0.38478374
0.62477714
0.37024304
0.23152357
0.32621238
0.6657629
0.6555312
0.81911224
0.8685878
0.9797858
1
1
0.9598326
0.07015694
0.50277036
0.5222701
0.8507901
0.92449874
0.9496325
0.90007997
0.8479111
0.71528095
0.75325465
0.71460235
0.4718642
0.6525006
0.68845266
0.7512328
0.79724586
0.4032188
0.2958854
0.45691207
0.8474212
0.7346833
0.46890476
0.74049544
0.6844729
0.91772294
0.5497256
0.2649506
0.5682851
0.71371895
0.84272474
0.27154544
0.29365316
0.27131987
0.17449263
0.3668591
0.2744026
0.36802655
0.59280986
0.5583271
0.39903498
0.17278719
0.3583431
0.43669903
0.8331988
0.42219388
0.23990591
0.2501989
0.52511847
0.51121455
0.6069114
0.369282
0.35941765
0.45382935
0.4400713
0.71266544
0.31631464
0.32897627
0.5235939
0.5795439
0.51094836
0.23877458
0.24369504
0.3684422
0.6283506
0.83601195
0.99604255
0.9388173
0.81438756
0.56689006
0.76497906
1
1
0.93111503
0.9998134
0.86570233
0.4168991
0.6422872
0.8496236
0.79891485
0.79368484
0.7706707
0.7731305
0.76127756
0.93871355
0.5198858
0.6450942
0.78448737
0.86337537
1
1
0.8777357
0.8031669
0.7290232
0.7965581
0.8301749
0.8422609
0.91930354
0.88333577
0.70011854
0.3380663
0.6319702
1
0.92937404
0.901664
0.6479519
0.33252528
0.41814744
0.093702644
0.21964823
0.567169
0.8729735
1
1
0.91593784
1
1
0.75919604
0.11426192
0.45974484
0.5654296
0.7826096
0.701213
0.876247
0.879712
0.743005
0.8586322
0.79005677
0.81127304
0.83996063
1
0.9808302
1
1
0.5799336
0.66235626
0.73056287
0.7960348
0.7302235
0.80013955
0.62513804
0.4828247
0.48459077
0.38425586
0.5792102
0.789645
0.853122
1
1
0.82609445
0.8434338
0.9236739
0.60642123
0.61720043
0.7598767
0.7997479
0.83263886
0.6986303
0.409181
0.48240644
0.86957157
0.9072465
0.9221999
0.61069417
0.3912896
0.5585838
0.0666074
0.08314601
0.39849335
0.74846375
0.82798654
0.7661864
0.7553731
0.8973507
1
1
0.26214963
0.17885041
0.4142122
0.668291
0.9118752
1
0.90933937
0.8652608
0.8980936
0.9729839
0.83214134
0.7799645
0.7808404
0.84547013
0.68026006
0.68255544
0.55409575
0.4009858
0.7058839
0.89994204
0.969451
0.72649384
0.69942486
0.71271795
0.5371029
0.58057386
0.40719405
0.5311951
0.59519625
0.7288028
0.8174081
0.9103109
0.89797276
0.75068116
0.7417923
0.679213
0.8010863
0.744925
0.8355843
0.76520765
0.5257408
0.34381047
0.66582423
0.59955776
0.66123974
0.79860157
0.362898
0.803855
0.6386179
0.23764691
0.41992152
0.5134033
0.70910084
0.83232987
0.68890315
0.8951588
1
1
0.9458421
0.045356825
0.53241086
0.6292807
0.85043913
0.88420314
0.9388898
0.9298075
0.82819253
0.8115563
0.6240048
0.77032113
0.48942646
0.6486966
0.7423992
0.6709934
0.7232828
0.38790405
0.27733466
0.67795146
0.5634946
0.7484947
0.41694334
0.41621578
0.6196262
0.7143643
0.6377913
0.22829098
0.5119893
0.9240177
0.7350527
0.33726776
0.28949898
0.5628729
0.3444684
0.59481406
0.2489668
0.46700332
0.45201048
0.7666265
0.47183645
0.16067086
0.26466677
0.65142757
0.76263756
0.58077013
0.19636203
0.26092657
0.4065681
0.48201144
0.7535999
0.2715004
0.43020368
0.4463889
0.44747934
0.90297836
0.27953115
0.40984133
0.6545822
0.62316084
0.5437396
0.25327393
0.40002054
0.36435235
0.67054904
0.91757894
1
1
1
0.84176105
0.8203384
0.96976066
0.94989884
0.86942434
1
0.96151435
0.4171754
0.39866215
0.29626802
0.3038626
0.27862293
0.28276345
0.012323793
0.061920825
0.11583807
0.5313708
0.17711176
0.15073645
0.373526
0.8816548
0.6019382
0.6154363
0.24915606
0.05644924
0.14607735
0.26963276
0.7611334
0.40988386
0.47963125
0.30124432
0.29364324
0.47525442
0.44505385
0.59540576
0.13838573
0.18488787
0.51718897
0.5985217
0.60272735
0.49774212
0.477002
0.42862433
0.57780427
0.7511863
0.46194702
0.30746758
0.41107693
0.3557698
0.46348587
0.16702819
0.4387296
0.56114095
0.55997723
0.56123745
0.6026224
0.49801564
0.44258624
0.4372753
0.41006857
0.28432038
0.3531326
0.328854
0.29502767
0.23878922
0.1295348
0.4683461
0.43618616
0.33050305
0.37758836
0.5564243
0.7557355
0.5782099
0.25270864
0.6859982
0.19764197
0.40043744
0.70422924
0.77003294
0.34207183
0.61536497
0.6245325
0.48669946
0.4241848
0.35307527
0.2971664
0.28294364
0.29844943
0.36513168
0.22251765
0.37385714
0.37658438
0.41962898
0.41715518
0.3269272
0.23120366
0.2457345
0.21991052
0.20097013
0.3914232
0.45714182
0.6588719
0.7876039
0.7860501
0.82453054
1
0.7145931
0.77811635
0.7411781
0.41602123
0.3978303
0.35189548
0.31444693
0.44866315
0.702712
0.7916273
0.8494205
0.7002064
0.6356316
0.85257846
1
0.8924257
0.7725318
0.64406747
0.39164072
0.7701359
0.71886975
0.48891848
0.8250328
0.28562415
0.06478999
0
0
0.26784295
0.49625358
0.5140163
0.53576577
0.42459983
0.32231137
0.66391104
0.6277584
0.33077678
0.39099276
0.67565066
0.41545013
0.33861077
0.2892713
0.21778636
0.28163114
0.24703732
0.66196305
0.3143539
0.18578888
0.43079028
0.55689687
0.7086801
0.7002716
0.58309054
0.54583275
0.81771106
0.56948614
0.635457
0.6240063
0.66396403
0.7870136
0.8106909
0.76974463
0.42642322
0.26004726
0.31238854
0.41292816
0.37210992
0.32293713
0.5113366
0.68233716
0.6810234
0.6451045
0.50727755
0.4395118
0.56271285
0.54941237
0.5235229
0.33290267
0.30604342
0.49115008
0.6214909
0.73345196
0.59272313
0.45076656
0.41004205
0.3975266
0.37038225
0.3882771
0.70034057
0.866183
0.92976564
0.6797626
0.372045
0.9132211
0.71074504
0.7171367
0.5941449
0.73034817
1
0.8666838
0.9834203
0.46357685
0.5638677
0.65897864
0.63766444
0.616813
0.38460624
0.2960856
0.3494154
0.36776906
0.41988927
0.3950486
0.682161
0.5474551
0.46529332
0.6212451
0.34485096
0.12573919
0.1786192
0.3212224
0.43338206
0.32189074
0.45401233
0.88426703
0.6885682
0.6404518
0.578226
0.9675686
1
1
0.98809856
0.695423
0.6580207
0.5257187
0.46953535
0.47160664
0.27316812
0.5514772
0.61237806
0.39032358
0.63475615
0.31789765
0.38032088
0.2829176
0.17562746
0.51571226
0.42226592
0.3692551
0.33685845
0.09477274
0.118301265
0.7567762
0.80196464
0.652996
0.83695304
0.82213557
0.54027385
0.3729425
0.6618648
0.5871967
0.20844474
0.6291691
0.5329793
0.32688037
0.08028055
0.2988167
0.5232071
0.8617581
0.97662586
0.7450197
0.57825905
0.524965
0.83439744
0.62105656
0.5261282
0.5940762
0.6426994
0.73292196
0.6777042
0.24705726
0.3192632
0.59621304
0.6064425
0.5676616
0.48382205
0.5583087
0.66617316
0.58849955
0.5669745
0.5240399
0.54203004
0.5503416
0.60158694
0.5993771
0.30747336
0.44830486
0.5559908
0.26957348
0.61664295
0.43783507
0.35413307
0.3688206
0.32964578
0.19280358
0.23085281
0.5224306
0.6907953
0.65296096
0.69290054
0.54580945
0.977784
0.9639516
1
1
0.9133753
1
0.96170866
0.84445274
0.36585352
0.24966218
0.3194267
0.33260396
0.370189
0.2667644
0.23308586
0.43884423
0.6400864
0.6903508
0.54222184
0.500262
0.5208176
0.55978
0.7232656
0.67219883
0.43047848
0.76864886
0.83621883
0.8290549
0.34318858
0.28635353
0.31703842
0.31395903
0.45338723
0.48430407
0.7380455
0.80369073
0.91929626
1
0.8901088
0.70727783
0.9208284
0.81961024
0.6381895
0.45019445
0.5160479
0.636639
0.37751225
0.4647851
0.49630865
0.16811109
0.13657476
0.066357374
0.2977508
0.3578901
0.31763572
0.45114532
0.3793198
0.21239787
0.5577247
0.5848067
0.30183458
0.27748007
0.69954675
0.5123668
0.31373358
0.38111526
0.44044232
0.21181709
0.8199135
1
0.43080267
0.28187734
0.39582723
0.547979
0.6505188
0.6142965
0.75521827
0.6400196
0.8929677
0.5430697
0.7439592
0.57960755
0.6564945
0.66412604
0.56750953
0.5038278
0.34698004
0.200944
0.3245941
0.53355503
0.48932624
0.47451448
0.59624827
0.62354803
0.5805505
0.5673889
0.48851588
0.55529267
0.6272362
0.5394819
0.6949603
0.23306808
0.23768592
0.4817215
0.6959924
0.81025755
0.70307666
0.7239407
0.55782336
0.45172018
0.43135762
0.34337887
0.51394314
0.521758
0.6690986
0.5451457
0.2671267
0.81554884
0.5772996
0.7238366
0.74238026
0.7423058
0.7525737
0.83317256
0.709846
0.53036577
0.59679675
0.5858118
0.6246991
0.61445403
0.6119729
0.3602038
0.6601426
0.634102
0.55176574
0.7576083
0.55486584
0.83686596
0.4094224
0.61874896
0.37162197
0.34687132
0.35777617
0.47716743
0.46434808
0.2990119
0.26261416
0.44262636
0.60466075
0.38820675
0.69001496
0.744519
1
1
0.9355777
0.65821844
0.5955952
0.7407069
0.72449553
0.54983133
0.24968795
0.68901896
0.774303
0.7855395
0.8868669
0.9545541
0.9440871
0.9041391
0.93268555
0.9546751
1
0.9748444
0.87627894
0.91177964
0.67338914
0.7002752
0.66965663
0.7283558
0.91052693
0.8188234
0.8251323
0.88124037
0.9847863
0.28722286
0.47067368
0.47827017
0.8136305
0.9549851
1
1
0.690186
0.5805957
0.6951834
0.6076636
0.5101509
0.70244634
0.47269952
0.75459814
0.6063603
0.5804814
0.54023254
0.5684576
0.59839517
0.47814646
0.52645457
0.7367742
0.70175207
0.91613394
0.7943059
0.6009697
0.5884821
0.6671132
0.75381464
0.73317534
0.73810744
0.6547651
0.5750017
0.4835533
0.5185168
0.60437953
0.59602207
0.6311653
0.8135163
0.84954315
0.9149079
0.88867795
0.66911465
0.3818667
0.5681077
0.64302933
0.70305574
0.5455783
0.20045814
0.4086327
0.6320393
0.65889865
0.7340729
0.63145363
0.7572288
0.80169874
0.78112483
0.797287
0.82422096
0.857695
0.94687784
0.73355347
0.8952875
0.52209
0.42381063
0.49559027
0.46983474
0.48786998
0.44420105
0.43937707
0.43474305
0.46506324
0.34666818
0.16148013
0.42066652
0.53708476
0.5215322
0.38703257
0.12048152
0.4117679
0.5353285
0.5387611
0.48052266
0.3716218
0.41490725
0.38785368
0.4335997
0.38700354
0.3784505
0.41448793
0.4386896
0.41949555
0.8903307
0.8663051
0.57948226
0.6918816
0.7993073
0.95262414
0.91143376
1
0.9822944
1
0.8193292
0.70537317
1
0.926173
0.9118077
0.98290205
1
0.977051
0.9684874
0.9998349
1
1
1
0.9958285
0.8973255
0.43074372
0.71206254
0.92402035
0.8777199
0.7473984
0.65893286
0.37707412
0.7822505
0.30366707
0.036231875
0.4225021
0.8736462
0.8562363
0.84837973
0.96269035
0.82122743
1
1
0.163286
0
0.49149475
0.6486514
1
0.76973677
1
1
1
0.9317201
0.8890327
0.9941526
1
0.98398
1
0.9329184
0.70201975
0.4772518
0.77790475
1
0.9994608
1
1
0.84257466
0.67422384
0.56116384
0.29041225
0.6532961
0.98498106
1
1
1
0.9976316
0.8452632
1
1
0.9391612
1
0.9017848
0.96838284
0.44082114
0.5909649
0.86108387
1
1
1
0.3342332
0.52566564
0.40211287
0.081600405
0.42160404
0.5163794
0.8074734
1
0.6780583
1
1
1
1
0.20428936
0.4411156
0.4261807
0.81993794
0.79786736
0.83722407
0.9191686
0.7304468
0.92634135
1
1
1
0.83189297
0.826084
0.8887043
0.82734907
0.38329473
0.6779018
0.5972333
0.62864053
0.6824964
0.7972308
0.8414166
0.80036265
0.82985914
0.8005411
0.77480525
0.75267816
0.6753586
0.59405476
0.58006686
0.63009125
0.6788446
0.916019
1
0.86656106
0.7883914
0.8128433
0.73704994
0.4731924
0.35593528
0.5977247
0.81891173
0.766432
0.7707979
0.7508321
0.60411745
0.6934671
0.60847515
0.66293794
0.61041045
0.4559304
0.5290624
0.6451254
0.46888164
0.58586067
0.60014164
0.5599101
0.5591183
0.514947
0.32888854
0.56235886
0.6749305
0.7584632
0.7437746
0.6722658
0.6170165
0.5740306
0.52675354
0.5949943
0.56063163
0.5680593
0.5148696
0.50496566
0.39826906
0.48817125
0.48324487
0.5047407
0.58508843
0.600593
0.7241099
0.6333557
0.5433826
0.415617
0.4289025
0.5391823
0.55227333
0.51947016
0.14667167
0.17085473
0.49716544
0.57112855
0.66522723
0.60562515
0.69999593
0.683564
0.8297562
0.91146344
0.95097834
0.9486844
0.878296
0.7940602
0.68455094
0.5388564
0.32634896
0.5464144
0.6240712
0.5707233
0.45232055
0.4390384
0.4851947
0.47335348
0.34643653
0.111973986
0.468671
0.6077885
0.46895987
0.38216436
0.053997364
0.3512643
0.5035084
0.63824695
0.52776116
0.47679624
0.4329306
0.4269905
0.40593144
0.3836148
0.3950355
0.40817684
0.39957458
0.48697254
1
0.9829299
0.73716986
0.95503324
0.842714
0.8936216
1
1
0.9085351
1
0.90325636
0.66358536
1
1
0.98420715
1
1
0.96319914
0.83922815
0.9031521
0.97343713
1
0.8841143
1
1
0.7021316
0.65011036
1
0.9526878
0.8430978
0.6563581
0.33221975
0.6181708
0.17764601
0
0.57008356
0.6689222
0.84535676
0.9652662
0.9226452
0.91374964
1
1
0.3285262
0
0.4321926
0.7562342
0.970032
1
0.9583541
0.9651032
0.9602878
0.9139473
0.85969174
0.913707
1
1
1
1
0.88559306
0.4746814
0.82093155
1
1
1
0.96202296
0.7087082
0.7999594
0.72510016
0.32079497
0.6887798
0.9345383
1
1
1
0.9376689
0.8704115
0.9350212
0.8775512
0.8237294
1
1
1
0.5677766
0.4775468
0.81551725
0.993635
1
0.9924182
0.47619545
0.8324872
0.4741527
0.08298621
0.26726162
0.5452828
0.77608806
0.72253925
0.7420908
0.81420434
1
1
1
0.22499543
0.5835295
0.45222515
0.7228175
0.80205536
0.9059939
0.9387143
0.6875876
0.7887582
0.9869856
1
0.74627596
0.79207546
0.6963261
0.93592453
0.743238
0.6190398
0.57466024
0.6110638
0.741019
0.5410168
0.5404077
0.7456878
0.80345917
0.766814
0.51570374
0.61974967
0.5874329
0.67090803
0.77569735
0.3167813
0.6061465
0.58293325
0.5839017
0.59371454
0.23573032
0.5938607
0.5972801
0.6439237
0.5884561
0.34107706
0.7046905
0.8361819
0.84254336
0.6279158
0.27154267
0.7510026
0.67940056
0.7687936
0.5731916
0.33971494
0.5426337
0.58390486
0.6154452
0.53944635
0.30167434
0.60722935
0.62415254
0.76254916
0.6156345
0.3196437
0.6009263
0.6073212
0.61679727
0.46190393
0.42045894
0.59397244
0.692394
0.6940976
0.28954232
0.34142438
0.58297324
0.7722912
0.7906654
0.11152768
0.3762719
0.47532493
0.57333595
0.58048326
0.07393647
0.49259862
0.5469278
0.7429179
0.45142466
0.120694526
0.511086
0.6380293
0.7527577
0.5685889
0.35296625
0.59449315
0.60567206
0.6372301
0.3627573
0.075161174
0.40446338
0.5510013
0.52216905
0.13876152
0.39850456
0.4771195
0.63707757
0.704909
0.5344494
0.34941888
0.47437713
0.656905
0.63320404
0.017238397
0.51715106
0.5811044
0.72668564
0.34833008
0.27056855
0.577586
0.7558987
0.8341568
0.7195046
0.19627012
0.2931695
0.36458945
0.42864138
0.34472495
0.105909854
0.2892537
0.4702053
0.6650536
0.21087101
0.28726083
0.57193834
0.713098
0.7124192
0.67529595
0.36790296
0.49965683
0.72556114
0.76004076
0.71748173
0.941357
1
0.7535689
0.65487236
0.56611776
0.63769776
0.8127961
0.7870373
0.91922873
0.8136117
0.95589346
0.9472159
0.9758745
0.9162022
0.83006734
0.8639143
0.8076001
0.90997195
0.7915897
0.5463689
0.47466424
0.934987
1
1
1
0.9532589
0.76150477
0.72682863
0.1222735
0
0
0
0
0
0
0
0
0
0
0.35989624
0.64781564
0.8415131
0.84876287
0.8071846
0.8192974
0.72053313
0.86240625
0.64642036
0.6793636
0.55908996
0.70225024
0.6998886
0.7493791
0.56823623
0.6074774
0.6525489
0.5607138
0.61938304
0.5216422
0.6395289
0.54048425
0.59014446
0.61528987
0.6363135
0.5911992
0.50559795
0.5886087
0.55633754
0.8964429
0.33074135
0.5457463
0.7768499
1
0.91791815
0.90224063
1
1
1
1
1
1
1
0.9015365
0.40632352
0.51036096
1
1
1
0.98376477
0.9446782
0.7121011
0.801907
0.34188035
0.43902192
0.68033344
0.4110783
0.7755319
1
1
1
0.480192
0.31847128
0
0
0
0
0
0
0
0
0
0
0
0.32993415
0.60928357
0.81037354
0.80635905
0.7074436
0.8020856
0.96831805
1
1
1
0.90314525
0.85666186
0.9655185
1
0.9840629
1
1
1
0.94720984
1
0.820051
0.8319895
0.800292
0.49630833
0.5015672
0.66567916
0.8118576
0.9789656
0.9718057
0.8269598
0.6932449
0.68072593
0.10281495
0
0
0
0
0
0
0
0
0
0
0.1246792
0.93792224
0.78614306
0.9277527
1
0.981084
0.8949653
0.8028118
0.64454365
0.6155686
0.6760822
0.74783665
0.6350802
0.76940584
0.9471582
0.37639576
0.3667107
0.22194278
0.24760482
0.52238727
0.418831
0.66829425
1
1
0.6717714
0.49321467
0.5613221
0.58787686
0.5025955
0.22701725
0.36231282
0.5613122
0.42933294
0.21723674
0.69780564
0.75037736
0.75187093
0.41003823
0.14837585
0.35723072
0.64765805
0.4752338
0.34487876
0.19932835
0.33314478
0.41810617
0.67061526
0.7549498
0.7354514
0.59190047
0.58212787
0.831184
0.87534654
0.4604476
0.42941216
0.6007195
0.6062563
0.5842664
0.24131377
0.32319647
0.48068658
0.6292579
1
0.7580356
0.7756739
0.90645725
0.8397893
0.84438473
0.76931834
0.8616902
0.8498988
0.6851456
0.7421255
0.565147
0.3079299
0.6421781
0.71769536
0.80660594
0.72514427
0.7054736
0.5732095
0.61415386
0.58366627
0.6600044
0.99715346
1
1
1
0.9776016
0.78627616
0.8688127
0.8898596
0.82464385
0.68279916
0.7224165
0.7670297
0.8387187
0.5621535
0.40175846
0.9760073
1
1
1
0.42647803
0.28760153
0.64195395
0.3405296
0
0
0
0
0
0
0
0
0
0
0.3384434
0.6594842
0.77332556
0.90697765
0.8729396
0.8472154
0.7648317
0.85207504
0.82063144
0.8011313
0.786724
0.65320873
0.71259403
0.6763099
0.66583014
0.66052073
0.67484975
0.6421629
0.6554735
0.57513547
0.6065513
0.6213418
0.6190662
0.5896734
0.60352564
0.63812184
0.57816744
0.6985651
0.5647519
0.70617956
0.2816737
0.54811853
0.74039054
1
1
0.9965721
1
1
1
1
1
1
0.96875584
0.9106602
0.61938524
0.5522859
1
1
1
1
0.9298032
1
0.88107353
0.4976716
0.34685004
0.73064315
0.4271612
0.78762186
1
1
1
0.4156771
0.19418386
0.19729148
0
0
0
0
0
0
0
0
0
0
0.37183067
0.67262995
0.74590456
0.89508194
0.7297411
0.8881349
0.8525531
0.870521
0.84939724
0.7443041
0.8245638
0.7985878
0.93781626
1
1
1
1
1
0.9145358
0.88564926
0.7949984
0.81667644
0.8318886
0.48049048
0.5633319
0.7193486
0.91551507
1
0.9363799
0.5999591
0.47310534
0.2999438
0.06538061
0
0
0
0
0
0
0
0
0
0
0.047254175
0.9420692
0.84740317
1
1
0.9502352
0.9224344
0.8804735
0.7334392
0.5891935
0.44523153
0.52688694
0.6155781
0.76531047
0.83642167
0.22036785
0.3424446
0.1920631
0.2096691
0.42815933
0.49349794
0.5445486
1
1
0.58230656
0.38675195
0.5602698
0.5837848
0.46811315
0.3581404
0.43259448
0.4938665
0.30198455
0.27362856
0.43697
0.60056627
0.5849408
0.2737112
0.082706265
0.30618545
0.5704131
0.38789535
0.30497447
0.2737992
0.33217257
0.43274814
0.5379462
0.56862783
0.6912554
0.4802178
0.47081563
0.7637143
0.87222177
0.47505102
0.33833352
0.48204026
0.57735115
0.5585206
0.2524998
0.30114147
0.49835944
0.6574826
0.8251955
0.7830979
0.57264686
0.6340738
0.8079128
0.71908647
0.66611844
0.60139656
0.6464348
0.8699973
0.72006917
0.42393526
0.1613053
0.51058877
0.68406725
0.9474832
1
1
1
1
1
1
0.63687485
0.21240696
0
0
0
0
0
0
0
0
0
0
0
0
0
0
0
0
0
