0
0
0
0
0
0
0
0
0
0
0
0
0
0
0
0
0
0
0
0
0
0
0
0
0
0
0
0
0
0
0
0
0
0
0
0
0
0
0
0
0
0
0
0
0
0
0
0
0
0
0
0
0
0
0
0
0
0
0
0
0
0
0
0
0
0
0
0
0
0
0
0
0
0
0
0
0
0
0
0
0
0
0
0
0
0
0
0
0
0
0
0
0
0
0
0
0
0
0
0
0
0
0
0
0
0
0
0
0
0
0
0
0
0
0
0
0
0
0
0
0
0
0
0
0
0
0
0
0
0
0
0
0
0
0
0
0
0
0
0
0
0
0
0
0
0
0
0
0
0
0
0
0
0
0
0
0
0
0
0
0
0
0
0
0
0
0
0
0
0
0
0
0
0
0
0
0
0
0
0
0
0
0
0
0
0
0
0
0
0
0
0
0
0
0
0
0
0
0
0
0
0
0
0
0
0
0
0
0
0
0
0
0
0
0
0
0
0
0
0
0
0
0
0
0
0
0
0
0
0
0
0
0
0
0
0
0
0
0
0
0
0
0
0
0
0
0
0
0
0
0
0
0
0
0
0
0
0
0
0
0
0
0
0
0
0
0
0
0
0
0
0
0
0
0
0
0
0
0
0
0
0
0
0
0
0
0
0
0
0
0
0
0
0
0
0
0
0
0
0
0
0
0
0
0
0
0
0
0
0
0
0
0
0
0
0
0
0
0
0
0
0
0
0
0
0
0
0
0
0
0
0
0
0
0
0
0
0
0
0
0
0
0
0
0
0
0
0
0
0
0
0
0
0
0
0
0
0
0
0
0
0
0
0
0
0
0
0
0
0
0
0
0
0
0
0
0
0
0
0
0
0
0
0
0
0
0
0
0
0
0
0
0
0
0
0
0
0
0
0
0
0
0
0
0
0
0
0
0
0
0
0
0
0
0
0
0
0
0
0
0
0
0
0
0
0
0
0
0
0
0
0
0
0
0
0
0
0
0
0
0
0
0
0
0
0
0
0
0
0
0
0
0
0
0
0
0
0
0
0
0
0
0
0
0
0
0
0
0
0
0
0
0
0
0
0
0
0
0
0
0
0
0
0
0
0
0
0
0
0
0
0
0
0
0
0
0
0
0
0
0
0
0
0
0
0
0
0
0
0
0
0
0
0
0
0
0
0
0
0
0
0
0
0
0
0
0
0
0
0
0
0
0
0
0
0
0
0
0
0
0
0
0
0
0
0
0
0
0
0
0
0
0
0
0
0
0
0
0
0
0
0
0
0
0
0
0
0
0
0
0
0
0
0
0
0
0
0
0
0
0
0
0
0
0
0
0
0
0
0
0
0
0
0
0
0
0
0
0
0
0
0
0
0
0
0
0
0
0
0
0
0
0
0
0
0
0
0
0
0
0
0
0
0
0
0
0
0
0
0
0
0
0
0
0
0
0
0
0
0
0
0
0
0
0
0
0
0
0
0
0
0
0
0
0
0
0
0
0
0
0
0
0
0
0
0
0
0
0
0
0
0
0
0
0
0
0
0
0
0
0
0
0
0
0
0
0
0
0
0
0
0
0
0
0
0
0
0
0
0
0
0
0
0
0
0
0
0
0
0
0
0
0
0
0
0
0
0
0
0
0
0
0
0
0
0
0
0
0
0
0
0
0
0
0
0
0
0
0
0
0
0
0
0
0
0
0
0
0
0
0
0
0
0
0
0
0
0
0
0
0
0
0
0
0
0
0
0
0
0
0
0
0
0
0
0
0
0
0
0
0
0
0
0
0
0
0
0
0
0
0
0
0
0
0
0
0
0
0
0
0
0
0
0
0
0
0
0
0
0
0
0
0
0
0
0
0
0
0
0
0
0
0
0
0
0
0
0
0
0
0
0
0
0
0
0
0
0
0
0
0
0
0
0
0
0
0
0
0
0
0
0
0
0
0
0
0
0
0
0
0
0
0
0
0
0
0
0
0
0
0
0
0
0
0
0
0
0
0
0
0
0
0
0
0
0
0
0
0
0
0
0
0
0
0
0
0
0
0
0
0
0
0
0
0
0
0
0
0
0
0
0
0
0
0
0
0
0
0
0
0
0
0
0
0
0
0
0
0
0
0
0
0
0
0
0
0
0
0
0
0
0
0
0
0
0
0
0
0
0
0
0
0
0
0
0
0
0
0
0
0
0
0
0
0
0
0
0
0
0
0
0
0
0
0
0
0
0
0
0
0
0
0
0
0
0
0
0
0
0
0
0
0
0
0
0
0
0
0
0
0
0
0
0
0
0
0
0
0
0
0
0
0
0
0
0
0
0
0
0
0
0
0
0
0
0
0
0
0
0
0
0
0
0
0
0
0
0
0
0
0
0
0
0
0
0
0
0
0
0
0
0
0
0
0
0
0
0
0
0
0
0
0
0
0
0
0
0
0
0
0
0
0
0
0
0
0
0
0
0
0
0
0
0
0
0
0
0
0
0
0
0
0
0
0
0
0
0
0
0
0
0
0
0
0
0
0
0
0
0
0
0
0
0
0
0
0
0
0
0
0
0
0
0
0
0
0
0
0
0
0
0
0
0
0
0
0
0
0
0
0
0
0
0
0
0
0
0
0
0
0
0
0
0
0
0
0
0
0
0
0
0
0
0
0
0
0
0
0
0
0
0
0
0
0
0
0
0
0
0
0
0
0
0
0
0
0
0
0
0
0
0
0
0
0
0
0
0
0
0
0
0
0
0
0
0
0
0
0
0
0
0
0
0
0
0
0
0
0
0
0
0
0
0
0
0
0
0
0
0
0
0
0
0
0
0
0
0
0
0
0
0
0
0
0
0
0
0
0
0
0
0
0
0
0
0
0
0
0
0
0
0
0
0
0
0
0
0
0
0
0
0
0
0
0
0
0
0
0
0
0
0
0
0
0
0
0
0
0
0
0
0
0
0
0
0
0
0
0
0
0
0
0
0
0
0
0
0
0
0
0
0
0
0
0
0
0
0
0
0
0
0
0
0
0
0
0
0
0
0
0
0
0
0
0
0
0
0
0
0
0
0
0
0
0
0
0
0
0
0
0
0
0
0
0
0
0
0
0
0
0
0
0
0
0
0
0
0
0
0
0
0
0
0
0
0
0
0
0
0
0
0
0
0
0
0
0
0
0
0
0
0
0
0
0
0
0
0
0
0
0
0
0
0
0
0
0
0
0
0
0
0
0
0
0
0
0
0
0
0
0
0
0
0
0
0
0
0
0
0
0
0
0
0
0
0
0
0
0
0
0
0
0
0
0
0
0
0
0
0
0
0
0
0
0
0
0
0
0
0
0
0
0
0
0
0
0
0
0
0
0
0
0
0
0
0
0
0
0
0
0
0
0
0
0
0
0
0
0
0
0
0
0
0
0
0
0
0
0
0
0
0
0
0
0
0
0
0
0
0
0
0
0
0
0
0
0
0
0
0
0
0
0
0
0
0
0
0
0
0
0
0
0
0
0
0
0
0
0
0
0
0
0
0
0
0
0
0
0
0
0
0
0
0
0
0
0
0
0
0
0
0
0
0
0
0
0
0
0
0
0
0
0
0
0
0
0
0
0
0
0
0
0
0
0
0
0
0
0
0
0
0
0
0
0
0
0
0
0
0
0
0
0
0
0
0
0
0
0
0
0
0
0
0
0
0
0
0
0
0
0
0
0
0
0
0
0
0
0
0
0
0
0
0
0
0
0
0
0
0
0
0
0
0
0
0
0
0
0
0
0
0
0
0
0
0
0
0
0
0
0
0
0
0
0
0
0
0
0
0
0
0
0
0
0
0
0
0
0
0
0
0
0
0
0
0
0
0
0
0
0
0
0
0
0
0
0
0
0
0
0
0
0
0
0
0
0
0
0
0
0
0
0
0
0
0
0
0
0
0
0
0
0
0
0
0
0
0
0
0
0
0
0
0
0
0
0
0
0
0
0
0
0
0
0
0
0
0
0
0
0
0
0
0
0
0
0
0
0
0
0
0
0
0
0
0
0
0
0
0
0
0
0
0
0
0
0
0
0
0
0
0
0
0
0
0
0
0
0
0
0
0
0
0
0
0
0
0
0
0
0
0
0
0
0
0
0
0
0
0
0
0
0
0
0
0
0
0
0
0
0
0
0
0
0
0
0
0
0
0
0
0
0
0
0
0
0
0
0
0
0
0
0
0
0
0
0
0
0
0
0
0
0
0
0
0
0
0
0
0
0
0
0
0
0
0
0
0
0
0
0
0
0
0
0
0
0
0
0
0
0
0
0
0
0
0
0
0
0
0
0
0
0
0
0
0
0
0
0
0
0
0
0
0
0
0
0
0
0
0
0
0
0
0
0
0
0
0
0
0
0
0
0
0
0
0
0
0
0
0
0
0
0
0
0
0
0
0
0
0
0
0
0
0
0
0
0
0
0
0
0
0
0
0
0
0
0
0
0
0
0
0
0
0
0
0
0
0
0
0
0
0
0
0
0
0
0
0
0
0
0
0
0
0
0
0
0
0
0
0
0
0
0
0
0
0
0
0
0
0
0
0
0
0
0
0
0
0
0
0
0
0
0
0
0
0
0
0
0
0
0
0
0
0
0
0
0
0
0
0
0
0
0
0
0
0
0
0
0
0
0
0
0
0
0
0
0
0
0
0
0
0
0
0
0
0
0
0
0
0
0
0
0
0
0
0
0
0
0
0
0
0
0
0
0
0
0
0
0
0
0
0
0
0
0
0
0
0
0
0
0
0
0
0
0
0
0
0
0
0
0
0
0
0
0
0
0
0
0
0
0
0
0
0
0
0
0
0
0
0
0.07492774
0.22222677
0.35089964
0.19811684
0.85737497
0.85737497
0.58062243
0.13866965
0.4056833
0.15064801
0.4855216
0.35493156
0.27426136
0.3086152
0.10873781
0.3342994
0.21115322
0.17355776
0.47077674
0.11209294
0.16181712
0.20470224
0.057259504
0.10295854
0.85737497
0.5141091
0.697606
0.30746916
0.22045405
0.3380026
0.5417797
0.2993256
0.1772512
0.24676268
0.20913184
0.100662835
0.0669879
0.14076509
0.5730161
0.27897272
0.26564717
0.12739643
0.14810176
0.037354793
0.85737497
0.85737497
0.54340893
0.2940574
0.20113693
0.32235232
0.3073498
0.1587605
0.20946987
0.30633715
0.08077056
0.1145281
0.033825163
0.03810606
0.12841727
0.08571386
0.12151126
0.046940897
0.051100377
0.13013577
0.084115274
0.02432344
0.023142502
0.06880079
0.0115155
0.010588117
0.035953995
0.0025591596
0.0065267277
0.0005119979
0.004045925
2.4782998E-05
0.0053084367
0
0.0008764463
0
0
0
0
0
0
0.00071655965
0
0
0
0
0
0
0
0
0
0
0
0
0
0
0
0
0
0
0
0
0
0
0
0
0
0
0
0
0
0
0
0
0
0
0
0
0
0
0
0
0
0
0
0
0
0
0
0
0
0
0
0
0
0
0
0
0
0
0
0
0
0
0
0
0
0
0
0
0
0
0
0
0
0
0
0
0
0
0
0
0
0
0
0
0
0
0
0
0
0
0
0
0
0
0
0
0
0
0
0
0
0
0
0
0
0
0
0
0
0
0
0
0
0
0
0
0
0
0
0
0
0
0
0
0
0
0.12433543
0.116506085
0.36627683
0.100440405
0.85737497
0.85737497
0.82072616
0.26681802
0.12567693
0.3928343
0.5282981
0.12818177
0.11499697
0.228674
0.20053361
0.10134638
0.16293144
0.33422017
0.25883564
0.034713596
0.092877924
0.14792044
0.23242511
0.12760562
0.85737497
0.54766524
0.7688796
0.5062055
0.2878137
0.33555037
0.5836374
0.3679629
0.23790503
0.10673004
0.15750271
0.056579135
0.16816363
0.38264522
0.4359773
0.2993003
0.18006895
0.048754506
0.079678126
0.07680422
0.85737497
0.7473278
0.7184209
0.20255698
0.55713964
0.7214951
0.34996513
0.31833348
0.30255893
0.22540064
0.11066168
0.092342615
0.08021773
0.05378917
0.061376765
0.1877082
0.16435345
0.06429811
0.10932973
0.15640594
0.14937273
0.010113355
0.014796828
0.052501425
0.01016274
0.0015182727
0.008958909
0.021584867
0.03425114
0.02568716
0.0016455662
0
0.00016589026
0.0018243036
0.00034641498
0.0016863432
0
0
0
0
0.001292193
0.0015729539
0.0047953334
0.0005804563
0
0
0
0
0
0
0
0
0
0
0
0
0
0
0
0
0
0
0
0
0
0
0
0
0
0
0
0
0
0
0
0
0
0
0
0
0
0
0
0
0
0
0
0
0
0
0
0
0
0
0
0
0
0
0
0
0
0
0
0
0
0
0
0
0
0
0
0
0
0
0
0
0
0
0
0
0
0
0
0
0
0
0
0
0
0
0
0
0
0
0
0
0
0
0
0
0
0
0
0
0
0
0
0
0
0
0
0
0
0
0
0
0
0
0
0
0
0
0
0
0
0
0
0
0
0
0
0
0.85737497
0.5630996
0.044338454
0.04475824
0.040121898
0.036622327
0.03135563
0.024438025
0.021985892
0.016710913
0.015937662
0.011563988
0.00915822
0.0070158495
0.004540954
0.0033798905
0.0019022401
0.0014547192
0.0011816714
5.3535565E-05
0.00025690682
0.00043151874
0
0
0
0
0
0
0
0
0
0
0
0
0
0
0
0
0
0
0
0
0
0
0
0
0
0
0
0
0
0
0
0
0
0
0
0
0
0
0
0
0
0
0
0
0
0
0
0
0
0
0
0.85737497
0.34168607
0.024861816
0
0.0013601471
0
0.62645
0.6425663
0.85737497
0.2587092
0.04486538
0.013756739
0.01105949
0.85737497
0.42210406
0.022850951
0.023699692
0.010891277
0.005996407
0.07122585
0.23137572
0.07514716
0.06581857
0.047208928
0.06435442
0.04312388
0.04419298
0.037544113
0.017556237
0.02876539
0.007013232
0.0020711229
0.010946349
0.85737497
0.66003317
0.056833386
0.07865815
0.05024217
0.05092661
0.046396315
0.03162752
0.028242053
0.025131807
0.02131606
0.014196005
0.013303309
0.011159281
0.008794256
0.00718666
0.005305152
0.004730851
0.0022465796
0.0014326341
0.00057229836
0.0006568881
0.00015290148
0.000117996926
0
0
0
0
0
0
1.5293683E-05
4.3398777E-05
3.161948E-05
0.00033331866
6.6972325E-06
0
0
0
0
0
0
0
0
0
0
0
0
0
0
0
0
0
0
0.85737497
0.28290784
0.04862947
0.040930323
0.040414765
0.04235944
0.03153196
0.033243638
0.03486802
0.0322132
0.03150652
0.026535138
0.018098032
0.021996755
0.020498527
0.027490964
0.02081222
0.014688444
0.013887204
0.019496433
0.85737497
0.1435572
0.0070494465
0.7820001
0.39366305
0.008402318
0.72233915
0.46175435
0.85737497
0.11009746
0.064020105
0.059535146
0.029390791
0.85737497
0.33145174
0.025080528
0.016059384
0.008681673
0.007815223
0.31432983
0.6363067
0.39816874
0.112588905
0.07121216
0.045942523
0.082929485
0.04752655
0.07839547
0.028364128
0.05319848
0.12496473
0.08550183
0.06026427
0.85737497
0.29134545
0.07148568
0.040844608
0.050178245
0.084899195
0.017946322
0.04319087
0.10520561
0.042333562
0.024206173
0.014631496
0.0048992042
0.0017602316
0.003132115
0.009414665
0.0061404663
0.0021211277
0.0006375373
0.28080687
0.85737497
0.4634387
0.2219786
0.08045856
0.11798716
0.07495444
0.124067076
0.08505217
0.08907715
0.17970921
0.059303448
0.027039628
0.13330707
0.16956252
0.143033
0.073587015
0.0591005
0.025801124
0.012498909
0.5958249
0.85737497
0.31631875
0.11519477
0.07131068
0.18892919
0.09280497
0.055684943
0.14280243
0.06865524
0.0659295
0.06859107
0.12564401
0.034937464
0.07656485
0.06275927
0.11555785
0.022248834
0.023869798
0.008704572
0.052609973
0.04351767
0.043915004
0.019541427
0.0057787444
0.010061883
0.0193546
0.015633892
0.0018418471
0.0046859346
0.00060256623
0.00061536033
0
0
0
0
0
0
0
0
0
0
0
0
0
0
0
0
0
0
0
0
0
0
0
0
0
0
0
0
0
0
0
0
0
0
0
0
0
0
0
0
0
0
0
0
0
0
0
0
0
0
0
0
0
0
0
0
0
0
0
0
0
0
0
0
0
0
0
0
0
0
0
0
0
0
0
0
0
0
0
0
0
0
0
0
0
0
0
0
0
0
0
0
0
0
0
0
0
0
0
0
0
0
0
0
0
0
0
0
0
0
0
0
0
0
0
0
0
0
0
0
0
0
0
0
0
0
0
0
0
0
0
0
0
0
0
0
0
0
0
0
0.0070287287
0.85737497
0.08435591
0.0015618274
0
0
0
0.33288807
0.52313495
0.011014481
0
0
0
0
0.56143445
0.24423173
0.00038386107
0.00040115914
0
0
0.113498464
0.8075111
0.012221752
0.00083430525
0
0
0
0.47714826
0.30275816
0.0029376873
0.00013722749
0
0
0
0.7384806
0.10637664
0
0
0
0
0.3591322
0.58893824
0.032525197
0.0030269967
0
0
0
0.6996205
0.3036135
0.0072873845
0
0
0
0.06986852
0.65011096
0.0403418
0.0037590824
0.00036237083
0.0101165855
0
0.52936095
0.40859672
0.013602708
0.015589695
0.010865199
0.0018564833
0.003276901
0.7964218
0.13928775
0.04274328
0.009804466
0.011071115
0.0005452539
0.32317287
0.79011
0.03318123
0.015317082
0
0
8.338085E-05
0.848276
0.3015745
0.07723561
0.017254354
0.0005306906
0.007297144
0.075098835
0.85737497
0.12567194
0.028347593
0.007476243
0.007396066
0.012133625
0.6515165
0.6160237
0.057664882
0.017435752
7.724121E-05
0.005073351
0.004089409
0.85737497
0.28854924
0.021602163
0.010948553
0.001694627
0
0.3442857
0.7561005
0.08638791
0.061232824
0.0040804464
0.0012365454
0.0011948287
0.85737497
0.5030498
0.074467115
0.008209306
0.028221529
0.010401528
0.14900322
0.85737497
0.11816148
0.101876654
0.018357374
0.0008892241
0.0017112892
0.7194729
0.84029835
0.032643404
0.053954784
0.01914088
0
0
0.85737497
0.27482086
0.07265908
0.019616676
0.0167552
0.007034545
0.21539323
0.85737497
0.11648556
0.018136097
0.019115305
0.005369244
0.019487152
0.85737497
0.6522749
0.096727714
0.03350968
0.005501792
0.008974841
0.08191218
0.85737497
0.20312019
0.0678119
0.030287594
0.030504292
0.019695213
0.6852465
0.6180403
0.85737497
0.13999458
0.1257705
0.086201385
0.068780884
0.044503912
0.03167044
0.018402103
0.015468413
0.012391132
0.0072982083
0.010259006
0.00417077
0.008176907
3.1283757E-06
0.0016865453
0.00093543495
0.0037545613
0
9.8698365E-05
0.0045502423
0
0.0004639024
0
4.6777943E-05
0
0.00016156767
0
0
0
0
0
0
0
0
0
0
0
0
0
0
0
0
0
0
0
0
0
0
0
0
0.81202847
0.85737497
0.011511145
0.0035831863
0.0001805643
0.0015674151
0.00012386346
0.00097611186
0.0001520279
0.0010322953
0.0016873401
0.0016620876
0.002176059
0.002309187
0.0027399017
0.0014221891
0.00042446223
2.1955339E-05
0.000107649044
9.8786644E-05
0.85737497
0.7396024
0.014707008
0.003847796
0.00040317408
0.00039036578
0.00077882374
0.85262513
0.07571848
0.036052506
0.029517574
0.014597111
0.007642119
0.005590234
0.009970503
0.0028837156
0.0014345726
0.0013533946
0.0011292946
0.0036569468
0.85737497
0.42479596
0.0025539626
0.00097603037
0
0
0
0
0
0
0
0
0
0
0.0001254816
0
0
0
0
0
0.85737497
0.42514324
0.001476268
0
0
0
0.31008363
0.85737497
0.008397016
0.0028217898
0
0
0
0
0
0
0
0
0
0
0.7104177
0.058198594
0.02866339
0.03380498
0.00648673
0.0044296663
0.0012592068
0
5.5203982E-05
0
0
0
0
0
0.00034484398
0
0
0
0
0
0
0
0
0
0
0
0.85737497
0.85737497
0.011703115
0.0021568357
0
0
0
0
0
0
0
0
0
0
0
0
0
0
0
0
0.85737497
0.55841136
0.0015201806
0.0010110297
0
0
0.045522604
0.7007387
0.054725163
0.028474787
0.042226434
0.010216732
0.0030082723
0.00062565005
0.00062224246
0
0
0.00048536915
0
0
0.85737497
0.42102522
0.0065954556
0
0
0
0
0
0
0
0
0
0
0
0
0
0
0
0
0
0.85737497
0.14849675
0.0019130497
0
0
0
0.44584957
0.85737497
0.0059226323
0.0008654036
0
0
0
0
0
0
0
0
0
0.1253511
0.5940175
0.057303406
0.029139465
0.02718439
0.009050534
0.00427941
0.0019737473
0.00015188286
0
0
0
0
0
0.016561627
0.011429182
0.006957835
0.0025047313
0.0012867624
0.0001815217
1.9116502E-05
7.0951486E-05
1.6816477E-05
0
0
0
0
0.85737497
0.64364076
0.0013981877
0.0012355731
0
0
0
0
0
0
0
0
0
0
0
0
0
0
0
0
0.85737497
0.51452345
0.000863306
0
0
0
0.17997812
0.50694525
0.053586133
0.029727612
0.018727904
0.013167214
0.004642061
0.00082270784
0.0008888453
0
0
0
0
0
0.85737497
0.20682731
0.0062602665
0.00078184303
0
0
0
0
0
0
0
0
0
0
0
0
0
0
0
2.9160345E-05
0.85737497
0.11213742
0.0020703876
0
0
0
0.66186863
0.6348907
0.01258206
0.00090402336
0
0
0
0
0
0
0
0
0
0.2930568
0.5297079
0.03794198
0.032977615
0.020288063
0.0118270945
0.004320287
0.00054124417
0.00052598567
0
0
0
0
0
0.00024872622
0.00030700883
0
0
0
0
0
0
0
0
0
0
0
0.85737497
0.5673787
0.0029509235
0.001453366
0
0
0
0
0
0
0
0
0
0
0
0
0
0
0
0
0.85737497
0.36459222
0.003203386
0
0
0
0.30708596
0.3787806
0.03180991
0.031595007
0.019062692
0.011750075
0.0038971663
0.0003177584
9.954874E-05
0.00091730023
0
0
0
0.0050499504
0.85737497
0.16593643
0.0039906288
0
0.00025898835
0
0
0
0
0
0
0
0
0
0
0
0
0
0
0.055668697
0.85737497
0.04644584
0.00082662643
0
0
0
0.85737497
0.6104315
0.002417875
0.0001610514
0
0
0
0
0
0
0
0
0
0.41975877
0.31160071
0.054342862
0.030129442
0.020098686
0.010085482
0.015274157
0.85737497
0.63270545
0.0051904875
0.000593053
2.9334342E-05
3.109814E-06
0
0.003697844
0.0050380705
0.0014789389
0.00021220266
0
0
0
0
0
0
0.009498024
0
0
0.85737497
0.5615568
0.03466791
0.026753617
0.02378819
0.01853659
0.013906664
0.01316033
0.009321008
0.009174271
0.0059928005
0.002507822
0.0021915105
0.0022438543
0.0038060218
0.0019908028
0.00043149755
0
0
0
0.85737497
0.12806608
1.233626E-05
0
0
0
0.56029433
0.22312349
0.06806767
0.04253206
0.045630027
0.023637468
0.0070180288
0.005522801
0.0026540288
0.003967707
0.00081369735
0.0071300673
0.00044772966
0.06061591
0.85737497
0.092583545
0.0014017066
0
0
0
0
0
0
0
0
0
0
0
0.00042662077
0
0
0
0
0.46734083
0.85737497
0.03350752
0
0
0
0
0.85737497
0.61717594
0.0031022276
0
0
0
0
0
0
0
0
0
0
0.5841645
0.19967617
0.071768254
0.03660625
0.020830471
0.013073869
0.004973847
0.0035924816
0.0081177065
0.0017617272
2.0460597E-05
0.00055190414
0
0
0.0016959284
0.0004940799
0
0
0
0
0
0
0
0
0
0
0
0.85737497
0.3090148
0.002172444
0
0
0
0
0
0
0
0
0
0
0
5.0416125E-05
0
0
0
0
0.011762912
0.85737497
0.23591004
0.00017526462
0
0
0
0.6132616
0.1920986
0.047960293
0.036310166
0.021208508
0.020490453
0.004710243
0.0036854462
0.0020781264
0.0014421311
0.00032254116
0.0016725054
0
0.32998845
0.85737497
0.026448995
0
0
0
0
0
0
0
0
0
0
0
7.0901566E-05
0.00019670598
0
0
0
0
0.6631112
0.85737497
0.012805007
0
0
0
0
0.85737497
0.6416789
0.000602192
0
0
0
0
0
0
0
0
0
0
0.64916104
0.1817519
0.08117766
0.04828812
0.035176467
0.025292737
0.00830075
0.85737497
0.26978952
0.0034433152
0.0019151232
0.00081883464
7.0881433E-06
0
0.0024526673
0.0011715963
0
0
0
0
0
0
0
0
0
0
0.04215496
0.85737497
0.1917073
4.3500713E-05
0
0
0
0
0
0
0
0
0
0
0
0
0
0
0
0
0.2487189
0.85737497
0.014886119
0
0
0
0
0.69764715
0.16522814
0.056642298
0.039076176
0.016077874
0.013057017
0.007366422
0.0025253745
0.0046810065
0.0026855497
0
0
0
0.69705147
0.85737497
0.025999365
0.0012921001
0
0
0
0
0
0
0
0
0
0
0.00036605896
0
0
0
0
0
0.7384207
0.786706
0.01085868
0
0
0
0
0.85737497
0.23847456
0.00053305516
0
0
0
0
0
0
0
0
0
0
0.7061767
0.15399829
0.063479155
0.048698466
0.018733775
0.016217995
0.0077295355
0.0097408425
0.0053770537
0.0039632176
0.00063641823
0.0013989751
0
0
0.0027018797
0.00053401774
2.145707E-05
0
0
0
0
0
0
0.0032118342
0.0012265509
0
0.28162506
0.85737497
0.10644226
1.7589078E-05
0
0
0
0
0
0
0
0
0
0
0
3.498442E-05
0
0
0
0
0.3272317
0.85737497
0.010527991
0
0
0
0
0.66001606
0.13515078
0.048259705
0.034331713
0.017435934
0.014341196
0.008403514
0.0033011388
0.0045423084
0.00076379743
0
5.983089E-06
0
0.8547817
0.85737497
0.016281215
0
0
0
0
0
0
0
0
0
0
0
0.0009908193
0.0003060069
0
0
0
0
0.85737497
0.52836293
0.0006422275
0
0
0
9.5054E-05
0.85737497
0.21720515
0.00023800028
0
0
0
0
0
0
0
0
0
0
0.68304163
0.1257914
0.044451755
0.040427428
0.030044435
0.014661903
0.21916105
0.85737497
0.044871543
0.0019740665
0.0017281047
0.0008402209
0
0.5066849
0.22627556
0.85737497
0.14922379
0.12688722
0.1393464
0.14353187
0.106712826
0.10332761
0.09717278
0.0660649
0.039790567
0.02439393
0.3972491
0.85737497
0.06180344
0.03510239
0.028680602
0.035577975
0.026067398
0.022301337
0.013968062
0.012903143
0.006593159
0.005500655
0.0035387068
0.0015478069
0.0041044373
0.0029790702
0.001719121
0.00032804313
0.00066418
0
0.7769372
0.85737497
0.010353622
5.5321187E-05
0
0
0
0.67057353
0.11373536
0.05001695
0.042905726
0.024666155
0.020520547
0.0068857158
0.0034515602
0.0012457175
0.00020809736
0
0.001389078
0
0.85737497
0.63138276
0.005848446
0
0
0
0
0
0
0
0
0
0
0
0.0005858636
0
0
0
0
0
0.85737497
0.5010614
0
0
0
0
0.12951887
0.85737497
0.05324576
0
0
0
0
0
0
0
0
0
0
0
0.65604043
0.091032214
0.029470926
0.024648236
0.012475185
0.007743736
0.004716491
0.006127678
0.0015118694
0.0018669531
0.0002240702
0
0
0.00020303423
0.0013987728
6.946405E-05
0
0
0
0
0
0
0
0
0
0
0.85737497
0.85737497
0.015770443
4.257898E-05
0
0
0
0
0
0
0
0
0
0
0
0
0
0
0
0
0.85737497
0.59567744
0.0020266927
0
0
0
0
0.6609171
0.08149121
0.034160815
0.030555736
0.016285812
0.0077741533
0.006019318
0.002655443
0.00086166663
3.5948142E-05
0.00054145587
0.0002479048
0
0.85737497
0.59513956
0.0006807899
0
0
0
0
0
0
0
0
0
0
0
0.00065229746
0
0
0
0
0
0.85737497
0.3037577
0
0
0
0
0.343097
0.85737497
0.039613795
0.0001093188
0
0
0
0
0
0
0
0
0
0.037393596
0.6988825
0.0855443
0.035037603
0.02708913
0.017605953
0.012622535
0.8505036
0.85737497
0.01933679
0.0027964544
0.00026919178
0.00087227597
0
0.00037626992
0.00091539224
0
0
0
0
0
0
0
0
0.00022601338
0
0
0.85737497
0.85737497
0.0018599024
0
0
0
0
0
0
0
0
0
0
0
4.4348788E-05
0
0
0
0
0
0.85737497
0.45940083
0
0
0
0
0.2127488
0.53180337
0.074256144
0.034972325
0.028384397
0.010724989
0.0087329075
0.004558209
0.0031978893
0.0012619724
0.00045873498
0.00012358755
2.469502E-05
0
0.85737497
0.36284572
0.0012994957
0
0
0
0
0
0
0
0
0
0
0
0.0007750777
0
0
0
0
0
0.85737497
0.12666412
0
0
0
0
0.68731433
0.85737497
0.026541134
2.0015535E-05
0
0
0
0
0
0
0
0
0
0.222199
0.5265155
0.06220173
0.033486154
0.020558415
0.014033042
0.0069233235
0.0030544745
0.0024027773
0.0023794363
0.00085071434
0.0002566992
0
0
0.0018411133
0.0015733871
0
0
0
0
0
0
0
0
0
0
0
0.85737497
0.59867674
0.0007854962
0
0
0
0
0
0
0
0
0
0
0
0.0002900056
0
0
0
0
0
0.85737497
0.38697973
0
0
0
0
0.329499
0.4288794
0.060738593
0.029568784
0.023656934
0.009839255
0.0035212755
0.0032275068
0.0015756469
0.0014237114
0.00074995385
0
0
0
0.85737497
0.19393747
0.0002482828
0
0
0
0
0
0
0
0
0
0
0
0.00070232817
0
0
0
0
0.0021844753
0.85737497
0.13688032
0
0
0
0
0.85737497
0.85737497
0.010342211
0
0
0
0
0
0
0
0
0
0
0.38074294
0.359486
0.06313663
0.03824371
0.022568762
0.022498108
0.0053164526
0.85737497
0.60301113
0.0047454387
0.001236803
0.00056106236
0.0007000823
0
0.0008496419
0.0008341775
0
0
0
0
0
0
0
0
0.0031139152
0
0
0.85737497
0.6704503
0.03314815
0.029876905
0.024469625
0.01785986
0.014278146
0.011444685
0.0077153575
0.0054656183
0.0035889717
0.0018185015
0.0011646649
0.0011485748
0.0026725144
0.0006407388
0
0
0
0
0.85737497
0.15268248
0
0
0
0
0.55848354
0.42288432
0.11483109
0.06496412
0.044410262
0.043743048
0.022396378
0.016078277
0.012780285
0.008194318
0.004716806
0.0029178131
0.0013325303
0.03220511
0.85737497
0.13848606
0.0009541826
0
0
0
0
0
0
0
0
0
0
0.0005868633
0.0007989907
0
0
0
0
0.12227232
0.85737497
0.04166362
0
0
0
0
0.85737497
0.4954811
0.00089792267
0
0
0
0
0
0
0
0
0
0
0.6117609
0.3228719
0.08372969
0.06204668
0.038368993
0.05665203
0.018525532
0.0106848795
0.01477068
0.0051417476
0.003047849
0.0015937121
0.00021243551
0.00025054102
0.005254835
0.0026102418
0.00041459053
0
0
0
0
0
0
0
0
0
0
0.85737497
0.16704243
0.00056892337
0
0
0
0
0
0
0
0
0
0
0
0.00019039765
0
0
0
0
0.0072740708
0.85737497
0.12477812
0
0
0
0
0.6812779
0.30278602
0.13853663
0.06616149
0.040269032
0.038135212
0.021203121
0.010660323
0.006502077
0.0039932816
0.0014015257
0.0023820035
0.00042784293
0.2021801
0.85737497
0.022834912
4.351688E-05
0
0
0
0
0
0
0
0
0
0
0.00079972355
0.00019879336
0
0
0
0
0.39921716
0.80928946
0.015004211
0
0
0
0
0.85737497
0.4539632
0.00473703
0
0
0
0
0
0
0
0
0
0
0.56322545
0.17361847
0.05765337
0.053323098
0.035299443
0.026932675
0.021150306
0.85737497
0.25916448
0.0037344065
0.001649001
0.00074273825
0.0015162433
0.000116467156
0.005114936
0.002273096
0.00044067975
0
0
0
0
0
0
0
0
0
0
0.85737497
0.18765047
0.00048319148
0
0
0
0
0
0
0
0
0
0
0
5.0956813E-05
0
0
0
0
0.032725893
0.85737497
0.05588832
0
0
0
0
0.6852246
0.1926384
0.073202625
0.06267687
0.040755555
0.03342056
0.015474194
0.012297553
0.007841058
0.0025041183
0.0017069782
0.00041083968
0.00023019503
0.43365768
0.85737497
0.016057033
0
0
0
0
0
0
0
0
0
0
0
0.0020396041
0.0008659337
0
0
0
0
0.527997
0.70933855
0.010111178
0
0
0
0
0.85737497
0.28706712
0.000564915
0
0
0
0
0
0
0
0
0
0
0.76942587
0.1657217
0.07816844
0.06155482
0.046839375
0.024393681
0.014587742
0.0095036
0.008483864
0.003316446
0.0015607481
0.0014499469
0.00051261124
0.0002816214
0.006403501
0.0015314941
1.639307E-05
0
0
0
0
0
0
6.924545E-05
0.00045120984
0
0.027223349
0.85737497
0.14466953
0
0
0
0
0.6436404
0.7152881
0.031086583
0.00023229643
0
0
0
0.85737497
0.20958224
0.0072157984
0
0
0
0.34933865
0.85737497
0.04032319
0.005858817
0.0017611801
0.0020416118
0
0.85737497
0.52880996
0.03327578
0.001159483
0.008401593
0
0.028293554
0.85737497
0.24572425
0.01627893
0.032650992
0.0057272594
0.0014649569
0.64621294
0.85737497
0.17693137
0.003216498
0.004548283
0.019758025
0.039350275
0.85737497
0.45640907
0.13193363
0.0109213
0.009822996
8.561808E-06
0.21521312
0.85737497
0.23697783
0.02573832
0.07022784
0.02136547
0.047640614
0.85737497
0.6489691
0.0871937
0.030487005
0.046910167
0.03380385
0.033171147
0.85737497
0.446909
0.0459913
0.021460585
0.030286532
0.03287174
0.6009094
0.77977175
0.14987303
0.022436647
0.057187714
0.047411837
0.015380406
0.85737497
0.6300758
0.0952586
0.031032287
0.039908674
0.054651324
0.16719423
0.85737497
0.25371706
0.08988775
0.026863825
0.0070352824
0.07157861
0.78729475
0.85737497
0.14773217
0.03280724
0.045304254
0.015507457
0.04865025
0.85737497
0.38977444
0.023956506
0.028996775
0.012781693
0.021213122
0.52033657
0.85737497
0.30656022
0.22225724
0.23359244
0.27574298
0.3073585
0.19305828
0.115984626
0.17738341
0.15209524
0.047113225
0.062061142
0.0500939
0.019030558
0.029286368
0.07425642
0.03180654
0.029877128
0.00366211
0.85737497
0.85737497
0.15173489
0.21771172
0.14837657
0.1505882
0.17625678
0.60012686
0.67054796
0.6658066
0.20693769
0.10802063
0.16970238
0.17390773
0.113662265
0.103870615
0.13579278
0.054755785
0.034852877
0.06965857
0.85737497
0.85737497
0.20116235
0.27280366
0.21075916
0.16076589
0.23640402
0.061522353
0.2213233
0.12259372
0.106186
0.010516399
0.07597525
0.077489346
0.021015089
0.06241838
0.06118071
0.06773294
0.011924461
0.02551674
0.030130137
0.036996793
0.020181343
0.038074683
0.005365145
0.0057429094
0.0195211
0.010631763
5.511769E-06
0.0004907247
0.012824156
0.0024973014
0.005515769
0
0
0.00044399765
0
0.0022915637
0.00032885952
0
0.85737497
0.85737497
0.55913264
0.19852628
0.17413092
0.13319223
0.42492118
0.85737497
0.12830366
0.06212556
0.040760428
0.026154816
0.043315753
0.03066153
0.00827118
0.008936336
0.004210295
0.0018464193
0.0037471359
0.00031946274
0.85737497
0.21983036
0.0034687687
0.0004337039
0
0
0.85737497
0.85737497
0.3078256
0.25347373
0.26463383
0.08760027
0.18820462
0.16266836
0.07947837
0.14446414
0.1522574
0.03356752
0.13334249
0.15208828
0.012799059
0.049522623
0.047821812
0.005412154
0.012298936
0.0472904
0.85737497
0.85737497
0.19182548
0.15057783
0.11901296
0.09919338
0.17875713
0.85737497
0.7777174
0.5693547
0.17253429
0.09105984
0.14937504
0.18501516
0.09883221
0.08381299
0.13815373
0.04017238
0.038656995
0.06517332
0.85737497
0.85737497
0.21010599
0.27411503
0.1203028
0.06983338
0.13432069
0.08667115
0.16788499
0.06860628
0.060907632
0.015320146
0.14019282
0.12289029
0.023846159
0.08299811
0.07530232
0.08926083
0.028633244
0.051948205
0.008996472
0.058910746
0.019742915
0.026267322
0.009648123
0.015969433
0.02434677
0.0014801855
0.007535172
0.0050831623
0.00471472
0.0045466726
0.0038509653
0.8526744
0.63343453
0.008620774
0
0.0064511145
0.00091523223
0
0.76865524
0.85737497
0.48719576
0.15159227
0.16981243
0.13882853
0.65667146
0.85737497
0.061383616
0.047652163
0.02755483
0.019810984
0.024089199
0.41735467
0.18426502
0.06653071
0.08840267
0.099662885
0.07405483
0.09458277
0.85737497
0.25611162
0.06342082
0.024879029
0.030167423
0.012142698
0.85737497
0.85737497
0.34405607
0.31195498
0.16989839
0.08922063
0.14464098
0.102121465
0.05705188
0.04678149
0.1313338
0.052645188
0.10636694
0.088071726
0.038511083
0.080516234
0.055480342
0.09055783
0.02505962
0.01416462
0.85737497
0.85737497
0.22335412
0.23155674
0.17806761
0.14890333
0.25521886
0.6842347
0.71516377
0.39583203
0.14008045
0.09990021
0.1675326
0.18419155
0.10332615
0.13019694
0.1187069
0.05415759
0.033065904
0.062294263
0.85737497
0.77534485
0.28155193
0.28625882
0.17643625
0.12793966
0.18165831
0.07101519
0.04433063
0.0676608
0.024842655
0.032730833
0.12320481
0.071842976
0.02265001
0.036825445
0.06881209
0.072436295
0.017325992
0.032326784
0.011060476
0.03154158
0.011912905
0.023881223
0.0079730125
0.021428647
0.012661844
0.0006835909
0.007870826
0.008036658
0.0033470355
0.020978391
0.0031642218
0
0
0
0
0
0
0.23230961
0.7509433
0.85737497
0.37578845
0.167515
0.13711765
0.122152165
0.85737497
0.85737497
0.059666153
0.03256902
0.019945104
0.022676464
0.02250955
0.4527783
0.16241416
0.07911263
0.10935812
0.09320154
0.09214577
0.23911203
0.85737497
0.13174728
0.03722193
0.022351312
0.027295629
0.015630608
0.85737497
0.85737497
0.32931885
0.08215963
0.2370096
0.06648702
0.2238268
0.068630494
0.1576164
0.1414547
0.095392644
0.06148149
0.21074356
0.16333225
0.01786628
0.033132616
0.034675382
0.07773321
0.013073325
0.002208125
0.030011553
0.026489403
0.01558506
0.02244931
0.0012256496
0.015539393
0.012983235
0.0022286978
0.0036108466
0.0029425316
0.0016694941
7.004965E-05
0
0
0
0
0
0
0
0
0
0
0
0
0
0
0
0
0
0
0
0
0
0
0
0
0
0
0
0
0
0
0
0
0
0
0
0
0
0
0
0
0
0
0
0
0
0
0
0
0
0
0
0
0
0
0
0
0
0
0
0
0
0
0
0
0
0
0
0
0
0
0
0
0
0
0.85737497
0.5670694
0.052154157
0.05564949
0.055068724
0.052676648
0.050142806
0.04334744
0.03650878
0.03656272
0.028951088
0.025862735
0.020639393
0.020482797
0.013304139
0.010982884
0.007778468
0.004749723
0.0034829457
0.0026930366
0.85737497
0.18535933
0.00010701493
0
0
0
0.44284588
0.41122568
0.08828697
0.09008341
0.06387446
0.07011969
0.042246737
0.031692963
0.022320788
0.020950519
0.0134232
0.0105850035
0.006199685
0.0073538506
0.85737497
0.1988465
0.02264392
0.024747722
0.023252599
0.025923437
0.017906563
0.015263899
0.013548894
0.013639216
0.010256375
0.008002574
0.006910331
0.0065864665
0.015682288
0.02014396
0.024935888
0.023821356
0.02691493
0.07069374
0.85737497
0.07132365
0.007373647
0.006768071
0.0071086828
0.004014394
0.85737497
0.8480925
0.016456263
0.008579436
0.010808467
0.010579902
0.008246238
0.0065922937
0.005141018
0.0047086924
0.0041388744
0.003643891
0.0028616737
0.6912407
0.48905218
0.117029265
0.07477649
0.058939848
0.05627328
0.030314973
0.85737497
0.8126728
0.023227857
0.011854519
0.0101718595
0.008759775
0.00679008
0.01116337
0.017903458
0.022665378
0.021238944
0.019236112
0.018197501
0.6885896
0.85737497
0.066057764
0.00518315
0.004430743
0.0035581978
0.0021146706
0.85737497
0.5246114
0.02805377
0.025275927
0.028330648
0.0228255
0.019290939
0.01861317
0.016135784
0.013450106
0.0112225665
0.009370428
0.0060466584
0.005737174
0.012051249
0.016638715
0.016936786
0.027978959
0.023732817
0.056251246
0.85737497
0.24301068
0.0035886446
0.0018806922
0.0032625021
0.0021990158
0.81109786
0.20777546
0.11718585
0.07004462
0.0523724
0.042994693
0.030507771
0.030198649
0.021558505
0.01634282
0.013673108
0.015259516
0.009138196
0.17608473
0.85737497
0.24166758
0.022565125
0.020443236
0.023077197
0.020996468
0.015366468
0.011718249
0.010087992
0.01018131
0.008972564
0.0066968785
0.005224325
0.012300065
0.028837996
0.03365459
0.028827207
0.025120813
0.024682108
0.33921263
0.85737497
0.11267534
0.010975005
0.008222956
0.008738561
0.0071701067
0.85737497
0.7580415
0.024404304
0.02264155
0.0296057
0.022792146
0.020589266
0.019593544
0.015488944
0.014958729
0.012940316
0.006712874
0.008690913
0.8136833
0.42969856
0.14417385
0.0738113
0.05371929
0.054477174
0.042254068
0.85737497
0.7890537
0.019824669
0.011902884
0.012914347
0.009324366
0.007321911
0.013172844
0.023677621
0.03254197
0.028251493
0.021042416
0.02163684
0.85737497
0.85737497
0.03142661
0.0070887883
0.0072549405
0.007131457
0.008788821
0.85737497
0.36157945
0.019624548
0.019426595
0.020932814
0.017375011
0.015607657
0.013187752
0.012590647
0.00822292
0.007394103
0.0063032513
0.004963051
0.00925246
0.02193284
0.025782472
0.026070435
0.022531454
0.021551961
0.10298821
0.85737497
0.19106527
0.0047131646
0.005182576
0.005606023
0.003715055
0.85737497
0.21412817
0.17956115
0.06332041
0.06319643
0.05376301
0.054933995
0.022977147
0.020695968
0.016612286
0.014253054
0.010120561
0.007930361
0.3691882
0.85737497
0.10669884
0.025283549
0.0267904
0.02207575
0.026517203
0.020238724
0.017536033
0.014341355
0.011833564
0.010305303
0.007626003
0.007191835
0.0148257585
0.025363604
0.031712677
0.031135386
0.026138835
0.023074962
0.75510603
0.85737497
0.07620689
0.008995802
0.0093921805
0.0063061253
0.0054657226
0.85737497
0.678109
0.029151648
0.024924537
0.022877011
0.023808174
0.02034707
0.016571531
0.013922074
0.013111015
0.011848382
0.008199524
0.00664894
0.85737497
0.20682845
0.095106
0.0673608
0.06288731
0.045889176
0.03704185
0.85737497
0.41651398
0.01578936
0.011973011
0.010674367
0.0091007
0.00762355
0.018658642
0.02848809
0.032249186
0.02871696
0.024629239
0.02308584
0.85737497
0.7961498
0.032966487
0.008241838
0.007306525
0.007569364
0.09491705
0.85737497
0.2772028
0.02163626
0.023474019
0.026178397
0.02386432
0.020345977
0.01871664
0.015921086
0.0122777745
0.011990672
0.009098152
0.006222041
0.012235331
0.020599846
0.027003227
0.029762756
0.028468294
0.028102681
0.28267422
0.85737497
0.05976445
0.009255356
0.009050696
0.00820683
0.0066543943
0.85737497
0.1955184
0.12056723
0.057401787
0.043628346
0.045885794
0.0543443
0.8292045
0.24358492
0.063124076
0.06902191
0.027027747
0.018247606
0.7603975
0.85737497
0.12528586
0.022872102
0.024817029
0.026541732
0.028586706
0.0403834
0.01914875
0.013878195
0.012254363
0.010561114
0.010250789
0.06564261
0.85737497
0.3230579
0.027249252
0.029440066
0.028765596
0.029963713
0.8019149
0.3232774
0.23993365
0.06125236
0.039646786
0.027980816
0.021997474
0.85737497
0.189741
0.07840895
0.054204646
0.052119374
0.03856359
0.32190484
0.85737497
0.09283372
0.015510237
0.015333771
0.011799634
0.0094766775
0.85737497
0.5906388
0.5090416
0.13972996
0.099260725
0.040347807
0.061608654
0.85737497
0.3005494
0.004426037
0.0060526947
0.0046316157
0.0014286486
0.74412596
0.3811907
0.85737497
0.29336572
0.14341678
0.06346193
0.042556003
0.85737497
0.5863561
0.01243934
0.0063709877
0.0082707
0.0031671324
0.28151545
0.85737497
0.1299217
0.025429102
0.025493298
0.022717416
0.021208614
0.01782205
0.014973186
0.0120118
0.010325549
0.010808726
0.007802137
0.006140279
0.009096787
0.013750586
0.01661457
0.019151475
0.013750703
0.01442571
0.7137397
0.85737497
0.067172386
0.0029517608
0.0017240123
0.0023654185
0.0016702182
0.85737497
0.11777189
0.07357051
0.04906752
0.047808368
0.036244787
0.030440664
0.02554391
0.017466683
0.009255678
0.009529872
0.009169383
0.0054408745
0.8559759
0.85737497
0.07155666
0.022400664
0.022962343
0.023600128
0.015463371
0.015377856
0.009250636
0.008684446
0.006718244
0.0076052016
0.0059937094
0.0066604065
0.010193793
0.0218971
0.022842415
0.023283418
0.019432046
0.017232824
0.85737497
0.85737497
0.023465313
0.00623533
0.004579395
0.003265412
0.040327303
0.85737497
0.3809419
0.015600138
0.01986682
0.016122403
0.013506099
0.011261841
0.007933202
0.0064655533
0.005458366
0.0046027876
0.0032908209
0.0035866012
0.85737497
0.1711822
0.07039449
0.06142908
0.052778255
0.037605174
0.2141204
0.85737497
0.21173714
0.012070141
0.008663919
0.010005992
0.0067304308
0.00819398
0.016685288
0.02037131
0.0249735
0.021392874
0.019285802
0.016257962
0.85737497
0.35567817
0.009434947
0.005835345
0.005296674
0.004122771
0.55212903
0.85737497
0.11377224
0.022508211
0.022905726
0.021039734
0.02214879
0.017307831
0.013481227
0.012362019
0.010090586
0.0081175165
0.0067533175
0.0060015996
0.01045018
0.019348405
0.024104204
0.01920045
0.01914665
0.01850752
0.7183438
0.85737497
0.04569014
0.0052265585
0.0054461667
0.0061918045
0.0052410066
0.85737497
0.17275682
0.090559974
0.071400076
0.05061137
0.041043337
0.03558392
0.024137363
0.019529395
0.01457786
0.012513159
0.010016416
0.008899055
0.85737497
0.8233998
0.039410356
0.026770692
0.028749002
0.023688806
0.022046262
0.018365646
0.016310535
0.011972245
0.010967173
0.008958565
0.0052576633
0.0062005185
0.018361222
0.03007756
0.03092402
0.02824501
0.026349328
0.022389824
0.85737497
0.639659
0.018122267
0.007878094
0.008192979
0.006631871
0.10831865
0.85737497
0.23464274
0.025819631
0.028716348
0.024464963
0.024147043
0.022055134
0.030357772
0.034281798
0.013639067
0.012409824
0.009488494
0.006598619
0.85737497
0.23886915
0.08527099
0.070792235
0.059645493
0.047777668
0.37505332
0.85737497
0.09967648
0.010982608
0.0104515385
0.011258565
0.008008306
0.009920169
0.020285057
0.026496517
0.025874784
0.021480476
0.021500107
0.08386576
0.85737497
0.34200206
0.01322512
0.007234719
0.0062295133
0.006119275
0.7730353
0.85737497
0.09290038
0.02789585
0.02749361
0.02910017
0.023747463
0.01700924
0.016313374
0.012532446
0.011200702
0.01009847
0.008390851
0.0072615133
0.009819007
0.014030813
0.017709559
0.016488224
0.014153417
0.012062793
0.85737497
0.8053728
0.0140265925
0.00388991
0.0044529024
0.00290818
0.0021642041
0.8188258
0.14682013
0.067582585
0.060768194
0.0419973
0.036386404
0.6378835
0.28864536
0.17176743
0.055104107
0.037845127
0.02553395
0.020959519
0.85737497
0.7841705
0.032596357
0.024630997
0.028420202
0.023649445
0.019950267
0.014121803
0.014600879
0.010355862
0.010460097
0.007498487
0.0051090205
0.006105539
0.019380905
0.03192839
0.02805048
0.02571973
0.023063192
0.02136612
0.85737497
0.5380696
0.016981533
0.008468561
0.0063681807
0.0069058184
0.27047288
0.85737497
0.093770385
0.013979655
0.014530453
0.013757033
0.011192745
0.010195256
0.009735254
0.0071381303
0.0068422006
0.005293775
0.004470438
0.037771683
0.85737497
0.32887286
0.10175255
0.07590325
0.05391055
0.0403716
0.698629
0.85737497
0.07658946
0.022018805
0.012243603
0.009003206
0.0058998996
0.85737497
0.6306249
0.6713573
0.21318732
0.078846395
0.08153946
0.14225301
0.85737497
0.2592029
0.018305305
0.014820307
0.012358028
0.008347848
0.85737497
0.85737497
0.04145777
0.026360922
0.027346717
0.024163054
0.0200539
0.017902711
0.014962044
0.012003721
0.0097819725
0.007707967
0.0077067115
0.006637082
0.01352923
0.024636103
0.02380878
0.023186198
0.019124864
0.022752548
0.85737497
0.6941868
0.0132008
0.0076919566
0.0065291757
0.005951786
0.16614902
0.78064066
0.17452428
0.08321856
0.07016911
0.059307937
0.044823114
0.78695595
0.32353908
0.14649113
0.059929032
0.043511864
0.029804358
0.026665756
0.85737497
0.60970074
0.034492787
0.029966354
0.029292753
0.02300651
0.021807019
0.016877087
0.0153425485
0.014748694
0.010053073
0.009509265
0.006322542
0.010597257
0.024175953
0.03265957
0.029247614
0.032660853
0.02429749
0.038916823
0.85737497
0.20837384
0.16803756
0.07288586
0.052911144
0.03129575
0.8249912
0.49219644
0.4797799
0.11299212
0.07839102
0.11624688
0.04440235
0.85737497
0.7948569
0.02859926
0.01329832
0.014547854
0.010134037
0.32001087
0.7790676
0.85737497
0.3003644
0.14422569
0.08521988
0.04652182
0.85638386
0.85737497
0.052752532
0.011321271
0.008613597
0.006445651
0.003363668
0.5054433
0.14205125
0.1436697
0.06852269
0.08725081
0.10200059
0.536729
0.85737497
0.097015925
0.0060466407
0.003840102
0.0006587
0
0.85737497
0.85737497
0.29876262
0.20177643
0.23556603
0.3046118
0.34532094
0.15814319
0.09568135
0.20639347
0.25107136
0.04121751
0.26121414
0.11219346
0.071045876
0.13104956
0.09181082
0.1622621
0.018807612
0.11960207
0.07549605
0.070000686
0.12987068
0.05047445
0.06567241
0.110131174
0.028878659
0.038671907
0.04186853
0.003432432
0.010417524
0.011975346
4.2358155E-05
0.0047924123
0.0019569593
0
0.0019619784
0.00010554606
0
7.368008E-05
0
0
0
0
0
0
0
0
0
0
0
0
0
0
0
0
0
0
0
0
0
0
0
0
0
0
0
0
0
0
0
0
0
0
0
0
0
0
0
0
0
0
0
0
0
0
0
0
0
0
0
0
0
0
0
0
0
0
0
0
0
0
0
0
0
0
0
0
0
0
0
0
0
0
0
0
0
0
0
0
0
0
0
0
0
0
0
0
0
0
0
0
0
0
0
0
0
0
0
0
0
0
0
0
0
0
0
0
0
0
0
0
0
0
0
0
0
0
0
0
0
0
0
0
0
0
0
0
0
0
0
0
0
0
0
0
0
0
0
0
0
0
0
0
0
0
0
0
0
0
0
0
0
0
0
0
0
0
0
0
0
0
0
0
0
0
0
0
0
0
0
0
0
0
0
0
0
0
0
0
0
0
0
0
0
0
0
0
0
0
0
0
0
0
0
0
0
0
0
0
0
0
0
0
0
0
0
0
0
0
0
0
0
0
0
0
0
0
0
0
0
0
0
0
0
0
0
0
0
0
0
0
0
0
0
0
0
0
0
0
0
0
0
0
0
0
0
0
0
0
0
0
0
0
0
0
0
0
0
0
0
0
0
0
0
0
0
0
0
0
0
0
0
0
0
0
0
0
0
0
0
0
0
0
0
0
0
0
0
0
0
0
0
0
0
0
0
0
0
0
0
0
0
0
0
0
0
0
0
0
0
0
0
0
0
0
0
0
0
0
0
0
0
0
0
0
0
0
0
0
0
0
0
0
0
0
0
0
0
0
0
0
0
0
0
0
0
0
0
0
0
0
0
0
0
0
0
0
0
0
0
0
0
0
0
0
0
0
0
0
0
0
0
0
0
0
0
0
0
0
0
0
0
0.34768945
0.85737497
0.40876245
0.12595022
0.17467104
0.09373532
0.102068044
0.12762108
0.1356348
0.11002156
0.06454207
0.18141696
0.11461734
0.1093552
0.090274274
0.019273829
0.061815616
0.010578707
0.025246214
0.009336381
0.7263668
0.85737497
0.150493
0.0096161915
0.035007212
0.023520144
0.0051511615
0.85737497
0.35265207
0.85737497
0.14262953
0.11117131
0.07279636
0.040372178
0.02509689
0.015090616
0.009419902
0.007654612
0.0025704582
0.0012941901
0.85737497
0.85737497
0.25378737
0.077518255
0.07324121
0.08132577
0.02825174
0.024342833
0.054739654
0.0762993
0.09427174
0.054560125
0.053506546
0.08332305
0.042554058
0.18742722
0.12140587
0.11557564
0.072819345
0.06738428
0.85737497
0.85737497
0.030716168
4.7858888E-05
0
0.001836014
0.0017689209
0.85737497
0.6818314
0.00021253526
0
0
0
0
0
0
0
0
0
0
0.85737497
0.51755136
0.6130076
0.20421982
0.12852252
0.06795989
0.09750572
0.85737497
0.48349506
0.022724181
0.00565399
0.0028092314
0.0010619737
0.23253626
0.16155657
0.2893874
0.13844611
0.13038173
0.06884458
0.10551355
0.85737497
0.7166035
0.04269241
0.030529344
0.017915215
0.01851528
0.5204292
0.85737497
0.5777446
0.17564343
0.17228433
0.12596503
0.120914735
0.107399836
0.1857423
0.12665735
0.11990382
0.23034005
0.12403065
0.14883168
0.083090395
0.07303375
0.085640624
0.023358133
0.060833346
0.013456681
0.8257757
0.85737497
0.100380406
0.014186288
0.023303349
0.0058895457
0.0048331833
0.85737497
0.58882457
0.579566
0.12682186
0.084929965
0.06554608
0.032168165
0.01880769
0.013617401
0.00440058
0.0048430786
0.0013525867
0.00018541321
0.85737497
0.85737497
0.093169525
0.06566216
0.081834815
0.06831337
0.019615179
0.027369646
0.046568815
0.07147369
0.07909377
0.06690792
0.05509943
0.07142283
0.061576605
0.1939805
0.18597424
0.09530864
0.1263037
0.03838126
0.85737497
0.85737497
0.030753365
0.0023891306
0.0008485275
0.003369557
0.05636936
0.85737497
0.5397736
0.0004805846
0
0
0
0
0
0
0
0
0
0
0.85737497
0.77253854
0.6140183
0.18344265
0.09297692
0.049193908
0.46790782
0.85737497
0.15478398
0.014622929
0.0056857113
0.003493536
0.0013318803
0.25993118
0.13632166
0.20984669
0.07354272
0.08538118
0.042501938
0.12711546
0.85737497
0.5519031
0.02691733
0.02838721
0.022557555
0.013614277
0.6711637
0.85737497
0.29501683
0.13693659
0.16045171
0.0941207
0.14414509
0.07106036
0.15010922
0.10120342
0.08910214
0.1985733
0.09753744
0.100724325
0.06585895
0.012905132
0.053142272
0.00400965
0.023623232
0.003924356
0.85737497
0.85737497
0.021342244
0.016483083
0.017432092
0.005781443
0.011746093
0.85737497
0.72194356
0.57426244
0.10280044
0.09339866
0.067274906
0.029779503
0.024249466
0.015366242
0.007898074
0.007620498
0.0017890722
0.00077431055
0.85737497
0.85737497
0.110179216
0.08432222
0.09894342
0.06372736
0.08775226
0.040169816
0.0630883
0.07229153
0.08460948
0.06153525
0.042794224
0.07116798
0.11072182
0.14722389
0.087297246
0.11427843
0.06300119
0.061108436
0.85737497
0.76691735
0.002597545
8.577913E-05
0
0.0045174295
0.26940012
0.85737497
0.2344751
0.000105666346
0
0
0
0
0
0
0
0
0
0
0.85737497
0.7337749
0.5924418
0.19238141
0.13300346
0.07264904
0.72103626
0.85737497
0.15778613
0.021161137
0.006775306
0.0019775194
0.0018271469
0.2998539
0.13887389
0.18079379
0.06366576
0.11153541
0.08558181
0.1512029
0.85737497
0.479012
0.046547763
0.01549504
0.013769972
0.023258166
0.65654886
0.85737497
0.080462694
0.012717918
0.002177535
0.0048978254
0.005291371
0.85737497
0.59064204
0.02003722
0.011559791
0.031670656
0.023220763
0.22393775
0.85737497
0.07077612
0.006427568
0.008706978
0.0031775068
0.0003458351
0.85737497
0.85737497
0.044536423
0.015592409
0.021540664
0.0020230166
0.017837552
0.85737497
0.44956726
0.01714475
0.028902201
0.005619393
0.0016153932
0.73001146
0.85737497
0.17150186
0.043349586
0.06892126
0.018102325
0.0018518484
0.85737497
0.8067799
0.09916967
0.0672103
0.039082546
0.013109154
0.2219255
0.85737497
0.18843067
0.10326039
0.06839667
0.08409625
0.028728798
0.85737497
0.85737497
0.12542611
0.08882374
0.07176892
0.029804248
0.013958842
0.85737497
0.46702677
0.07854654
0.07694786
0.061012626
0.048522618
0.36464837
0.85737497
0.1638628
0.14386535
0.11432983
0.06337058
0.08340321
0.8087562
0.85737497
0.17063306
0.1715541
0.16150981
0.10803152
0.15208463
0.85737497
0.2391366
0.17362896
0.15080419
0.13873327
0.045764167
0.81285304
0.85737497
0.18540798
0.17244086
0.13297759
0.070421696
0.13726042
0.85737497
0.6923328
0.18542725
0.09215054
0.06518998
0.0963129
0.45985344
0.85737497
0.19371854
0.19983411
0.08223921
0.14667521
0.0686399
0.85737497
0.85737497
0.15930857
0.10610842
0.080404095
0.12454875
0.070555165
0.035443194
0.047058657
0.040339362
0.03624435
0.04176871
0.02673551
0.031735383
0.05747934
0.049244214
0.052384384
0.04526573
0.037451886
0.033868857
0.85737497
0.85737497
0.023600712
0.013764066
0.011446861
0.0079285335
0.24786107
0.60051656
0.22036421
0.08485663
0.064956866
0.057367034
0.04055488
0.85737497
0.85737497
0.06693274
0.018558508
0.014248293
0.012803923
0.010809846
0.85737497
0.5822024
0.04131672
0.04469735
0.056540255
0.026147742
0.021075279
0.017355219
0.013959003
0.012280309
0.011005409
0.00977722
0.006485518
0.012470471
0.03082742
0.038965356
0.036571752
0.032886762
0.027667584
0.049445305
0.85737497
0.42122948
0.01454791
0.011016206
0.010224919
0.0088912
0.7571933
0.85737497
0.121829726
0.032231033
0.023124887
0.026984269
0.023897143
0.01897469
0.012974446
0.0123325
0.011001978
0.00964228
0.009157609
0.36731192
0.5384022
0.17977308
0.078391075
0.06155259
0.051951997
0.040532716
0.85737497
0.85737497
0.047202192
0.019040568
0.018217418
0.013826027
0.011731058
0.023838613
0.034756646
0.036734417
0.033426978
0.029772189
0.02624207
0.74022025
0.85737497
0.088966295
0.0128246
0.012560149
0.009363634
0.009135505
0.85737497
0.85737497
0.056046154
0.028643757
0.02503385
0.023085624
0.021050088
0.020130793
0.01639084
0.014626202
0.013175145
0.01254327
0.00812627
0.011718604
0.028230138
0.035744425
0.03342182
0.028271059
0.023385402
0.024904482
0.85737497
0.545152
0.010918517
0.010744395
0.010924151
0.0070836903
0.34929293
0.4135543
0.1721724
0.07802074
0.057055563
0.056852456
0.038641635
0.85737497
0.85737497
0.029430624
0.018588746
0.01815611
0.010866497
0.037524957
0.85737497
0.46944147
0.028537251
0.027660102
0.022745892
0.021832589
0.02107969
0.0149564585
0.012305062
0.00925746
0.009264355
0.005913037
0.006848496
0.010616284
0.021795316
0.022653824
0.02050014
0.020653425
0.021122105
0.121475674
0.85737497
0.18793009
0.015342825
0.0083400635
0.007908203
0.008790286
0.85737497
0.85737497
0.037721597
0.030048138
0.026609486
0.023140639
0.019673143
0.013122173
0.012601397
0.010800891
0.01042686
0.009316477
0.012684552
0.7057648
0.73020494
0.85737497
0.37473223
0.14391947
0.06279906
0.031578995
0.85737497
0.85737497
0.03420856
0.0066414014
0.007017742
0.005536827
0.19537187
0.85737497
0.85737497
0.4537108
0.16595845
0.06584649
0.03892385
0.85737497
0.85737497
0.04165317
0.0038461168
0.0047967667
0.0009990094
0.0009826124
0.85737497
0.6662994
0.03598977
0.015398421
0.013620518
0.01729192
0.018088521
0.005867409
0.0039016614
0.002689065
0.001266631
0.0002131749
0.00013872587
0.001269304
0.013048751
0.011434767
0.0094305435
0.008127295
0.0075269793
0.009876255
0.85737497
0.39894253
0.004134971
4.4871176E-06
4.027929E-05
0
0.69418323
0.48897207
0.14045045
0.05987752
0.028369453
0.025080534
0.0125860525
0.85737497
0.85737497
0.028864555
0.00137793
0.00095489714
3.567305E-06
0.15677707
0.85737497
0.33346173
0.015762294
0.010666476
0.008850146
0.00603845
0.0039620628
0.0026944024
0.0016822944
0.000519937
0
0
0
0.003437149
0.014714944
0.0121954335
0.010039113
0.008386265
0.008118487
0.21648672
0.85737497
0.13308065
0.0024906718
0.00023259455
0
0
0.85737497
0.85737497
0.04287874
0.014526984
0.010760703
0.009966037
0.008246734
0.0047797835
0.0031150898
0.0008495296
0.00013899976
0
0
0.8557211
0.46106923
0.12821324
0.049332757
0.035418607
0.025939967
0.01322607
0.85737497
0.85737497
0.020544982
0.0005319984
7.8391866E-05
9.957184E-07
0
0.013621705
0.01721685
0.012653328
0.010411959
0.0098628765
0.008266259
0.85737497
0.85737497
0.014044733
0.00010029157
0
0
0
0.85737497
0.45615265
0.021951882
0.014570503
0.011581214
0.010427265
0.006888416
0.004388508
0.0029034996
0.0007599369
1.1206238E-05
0
0
0.00071806443
0.0075651133
0.0073771668
0.006390791
0.0039904406
0.0035113716
0.07644412
0.85737497
0.20571403
0.00014432945
0
0
0
0.85737497
0.4718125
0.1990111
0.06606873
0.036801547
0.023626778
0.016625997
0.85737497
0.2857349
0.14967759
0.045663003
0.017559662
0.00814618
0.44232634
0.85737497
0.13112518
0.022279572
0.017519092
0.015412218
0.013179604
0.008993389
0.004748445
0.0027645025
0.0011144707
0.00021485114
0
0.012718929
0.85737497
0.4428213
0.01961785
0.012844988
0.013076845
0.010948932
0.85737497
0.5992915
0.24011132
0.04573324
0.029281355
0.014716155
0.007999196
0.85737497
0.5345862
0.15354373
0.061443347
0.041011818
0.021348134
0.44859406
0.85737497
0.16349824
0.0037731512
0.0011661533
3.6944457E-05
0
0.85737497
0.5378851
0.85737497
0.32667387
0.12668523
0.08362194
0.03684992
0.85737497
0.4526988
0.02508177
0.012470913
0.005701434
0.000553976
0.61206913
0.76919657
0.85737497
0.39929363
0.11397428
0.044464014
0.027886214
0.85737497
0.85737497
0.029110985
0.004725387
0.0028850017
0.0015588201
0.077507265
0.85737497
0.5381227
0.028328177
0.014937607
0.013465434
0.012645891
0.009632971
0.00509039
0.0043676132
0.001369852
6.427817E-05
0
0
0.002061827
0.012966276
0.0077532986
0.0072679003
0.005767969
0.0046227723
0.49997753
0.85737497
0.19625276
0.001164338
0
0
0
0.85737497
0.3170652
0.10022721
0.058188178
0.033382207
0.02209395
0.009235385
0.005588628
0.005264055
0.001879065
0.0005276992
0
0
0.85737497
0.85737497
0.16470234
0.020126402
0.011412746
0.011566973
0.0092095435
0.00673238
0.0051601003
0.002426393
0.0008985916
0.00011138588
0
0
0.004981836
0.010033428
0.0068819756
0.0051210686
0.0046278033
0.004464202
0.6835751
0.85737497
0.022179406
0
0
0
0
0.85737497
0.52481604
0.016984183
0.0062683243
0.005076064
0.0036049788
0.0018684071
0.00035002435
5.3841804E-06
0
0
0
0
0.85737497
0.46044186
0.13398264
0.043076575
0.04367551
0.03540109
0.07077078
0.85737497
0.41696447
0.008063663
5.010242E-05
0
0
0
0.008742949
0.0070699635
0.0053757764
0.0043659816
0.0032612807
0.0022468402
0.85737497
0.77101845
0.012791646
0
0
0
0.30069667
0.85737497
0.25653175
0.009910359
0.0051569655
0.0045107715
0.0031345116
0.0007667422
0.00011347679
0
0
0
0
0
0.003040167
0.010463791
0.0048565585
0.0038602175
0.0030086497
0.002115784
0.80316436
0.85737497
0.1563705
0.00043321933
0
0
0
0.85737497
0.26176408
0.13260563
0.072020985
0.02500881
0.018431563
0.010722075
0.0065008746
0.003936267
0.0016995426
0.0006453866
0.0010657131
1.0027099E-05
0.85737497
0.85737497
0.051521804
0.009657896
0.0066709165
0.00689982
0.00478426
0.0016964785
0.0005610373
0.000405858
0
0
0
0
0.0069704186
0.009459817
0.0060298876
0.0046854396
0.0036877082
0.0019378464
0.85737497
0.83044696
0.011649232
0
0
0
0.057065908
0.85737497
0.43882805
0.019590195
0.01356359
0.011477487
0.009494566
0.007372921
0.0041988213
0.0018897142
7.0058246E-05
0
0
0
0.85737497
0.4868058
0.19049068
0.10466942
0.064165376
0.024876907
0.23936215
0.85737497
0.27881783
0.0066605015
0.0020877004
0.001779278
0
0.85737497
0.3055487
0.85737497
0.12466428
0.07170169
0.07883917
0.04395705
0.85737497
0.41922072
0.033093706
0.012275942
0.007877296
0.0035948034
0.78962004
0.85737497
0.15701033
0.0075142398
0.007587749
0.006783221
0.0048896577
0.0015332468
0.0011978963
0
0
0
0
0
0
0
0
0
0
0
0.85737497
0.85737497
0.09640809
0.008876255
0.006762559
0.003913391
0.0018497425
0.85737497
0.8159664
0.7793403
0.24557926
0.20478892
0.114955276
0.073572785
0.04858638
0.044479962
0.014803522
0.011077824
0.020871403
0.004962333
0.85737497
0.85737497
0.059517913
0.012960851
0.010059797
0.009819731
0.0054626213
0.001653973
0.0007926437
0
0
0
0
0
0
0
0
0
0
0
0.85737497
0.85737497
0.007118131
0
0
0
0.13498497
0.85737497
0.40766355
0
0
0
0
0
0
0
0
0
0
0
0.85737497
0.85737497
0.85737497
0.34078628
0.14351343
0.17414054
0.62498254
0.85737497
0.18588278
0.032456283
0.029144216
0.014120935
0.020101884
0.4503883
0.29899144
0.3096336
0.14253382
0.14545189
0.15536587
0.21426052
0.85737497
0.50588876
0.05825905
0.019032307
0.024443978
0.026182555
0.85737497
0.85737497
0.11407573
0.016468389
0.011534019
0.013929485
0.015129884
0.0053404304
0.0022699642
0.0008120852
0
0
0
0
0
0
0
0
0
0
0.85737497
0.85737497
0.0450491
0.0087130945
0.008158543
0.004803384
0.0028918602
0.85737497
0.85737497
0.6472854
0.23482946
0.14859366
0.14894502
0.08619795
0.069316395
0.058219403
0.015260132
0.0110236695
0.022296298
0.0053539197
0.85737497
0.85737497
0.048025876
0.011088161
0.0068437336
0.005658869
0.0029283944
0.0023106309
0.00031666303
0
0
0
0
0.85737497
0.85737497
0.12025001
0.0029383828
0
0
0
0.85737497
0.77467626
0.29408887
0.11305357
0.13966513
0.038693387
0.7201786
0.85737497
0.5990139
0.38270876
0.20972843
0.07034808
0.025531398
0.85737497
0.85737497
0.07326246
0.013211247
0.005622438
0.00060787034
0.076098114
0.85737497
0.85737497
0.85737497
0.3351687
0.21673414
0.057283893
0.85737497
0.85737497
0.17211178
0.007903043
0.0018529344
0.001140452
0
0.24102424
0.42917752
0.6686288
0.23457949
0.056425817
0.1267912
0.34414026
0.85737497
0.30436838
0.034413513
0.020556297
0.0142559
0.00091239327
0.85737497
0.85737497
0.85737497
0.14063694
0.07134817
0.03964112
0.050522733
0.048950005
0.036108684
0.040489007
0.08714703
0.029894376
0.19856039
0.20773846
0.0661071
0.19986089
0.08594762
0.18431842
0.09963608
0.07515183
0.06345688
0.021699833
0.037147757
0.02542509
0.029221982
0.035610955
0.0023417047
0.024608709
0.016571173
0.009925483
0.016277576
0.015574125
0.0014705693
0.011227016
0.0019237257
0
0
5.0970534E-06
0.0002894632
0.001286933
0.00030720988
0
0.00037810378
0
0.00039438382
0.0012434005
0
0
6.387455E-05
0
0
0
0
0
0
0
0
0
0
0
0
0
0
0
0
0
0
0
0
0
0
0
0
0
0
0
0
0
0
0
0
