0
0
0
0
0
0
0
0
0
0
0
0
0
0
0
0
0
0
0
0
0
0
0
0
0
0
0
0
0
0
0
0
0
0
0
0
0
0
0
0
0
0
0
0
0
0
0
0
0
0
0
0
0
0
0
0
0
0
0
0
0
0
0
0
0
0
0
0
0
0
0
0
0
0
0
0
0
0
0
0
0
0
0
0
0
0
0
0
0
0
0
0
0
0
0
0
0
0
0
0
0
0
0
0
0
0
0
0
0
0
0
0
0
0
0
0
0
0
0
0
0
0
0
0
0
0
0
0
0
0
0
0
0
0
0
0
0
0
0
0
0
0
0
0
0
0
0
0
0
0
0
0
0
0
0
0
0
0
0
0
0
0
0
0
0
0
0
0
0
0
0
0
0
0
0
0
0
0
0
0
0
0
0
0
0
0
0
0
0
0
0
0
0
0
0
0
0
0
0
0
0
0
0
0
0
0
0
0
0
0
0
0
0
0
0
0
0
0
0
0
0
0
0
0
0
0
0
0
0
0
0
0
0
0
0
0.55248564
1
1
1
1
1
0.66967833
1
0.57036084
0.31711632
1
1
1
1
1
0.8829945
1
1
1
1
1
1
1
1
0.8009323
1
1
1
1
0.9146987
1
1
1
1
1
1
0.8461628
0.057395842
0
0
0
0
0
0
1
1
0.99517715
1
1
1
1
1
0.034222964
0
0
0
0
0
0.019557087
0.6371943
0.8475415
1
0.9356922
0.9662975
0.83983266
0.87209255
0.30703807
0.23361482
1
1
0.91645175
1
1
0.41427892
0.51219743
1
1
1
1
1
1
1
0.89929575
1
1
1
1
1
0.48072228
0.80635166
0.97472066
1
1
1
1
1
0.40276387
0.060588807
6.365921E-05
0
0.00040675938
0
0.09627053
0.8625945
0.9102674
1
1
1
1
1
1
1
1
1
1
1
1
0.7969666
0.6547974
1
1
1
1
1
1
0.099038154
0.39235646
0.9193108
1
1
1
0.83542585
0.7478643
1
1
1
1
1
1
1
0.81759286
0.770043
1
1
1
1
0.46992525
0.74044216
0.9229193
1
1
1
1
1
0.73802745
0.014149011
0
0
0
0
0
0.38302654
0.9671743
0.68611526
0.89438164
0.9981112
0.7773244
0.80757797
1
0.8288434
0.66114396
0.46359292
0.4819594
0.95104533
1
1
1
1
1
1
1
1
1
1
0.77945024
0.8034495
0.7101999
0.9037826
0.9143374
0.8903645
0.850949
0.82127565
0.7896065
0.856225
0.78547
0.83873564
0.78990227
0.7863149
0.75384855
0.6957534
0.56923497
0.5132561
0.51729035
0.52563745
0.46575823
0.41830742
0.36098096
0.35244986
0.33991408
0.34325284
0.39836287
0.4082524
0.41265002
0.42713323
0.41479155
0.42467788
0.439958
0.50015974
0.5004924
0.3928291
0.25814787
0.10372141
0.05313817
0
0
0
0
0
0
0
0
0
0
0
0.07861509
0.030916333
0.08664872
0.18166526
0.4508779
0.58118
0.98718846
0.64069325
1
0.83768386
0.5537736
0.1462861
0.23132041
0.4933994
0.4646007
0.3419358
0.7068655
1
1
1
1
1
1
1
1
0.15450421
0.3343531
0.5412773
1
0.7525997
0.161755
0.3823323
0.43184763
0.74820787
0.7302067
0.97164357
0.7902498
0.9104826
0.7187379
0.21324103
0.005933288
0
0
0
0.14486185
0.047924854
0.10795549
0.27741346
0.7453208
0.99577355
0.9182358
1
0.4648383
0.099860914
0.0083599705
0
0
0
0
0.1299669
0.07436367
0.1199803
0.6041062
0.7511895
1
1
1
0.58755755
0.15933439
0.15180384
0.15163064
0.35275507
0.5045037
0.5613081
0.48974168
0.31883445
0.64908695
0.69694847
0.74586546
0.7627892
0.8103019
0.72816783
0.80009556
0.30444467
0.20728725
0.52465713
0.78248864
1
0.29835624
0.13530545
0.4264105
0.5834007
0.9625085
1
1
0.9888211
0.7814607
0.2767429
0.04426098
0
0
0
0.13944764
0.054189846
0.07337161
0.24645819
0.70529485
0.9846245
1
1
1
1
1
1
1
1
1
0.62985307
0.07914286
0.0736051
0.19794182
0.53859615
0.6573844
0.67774886
0.7962352
0.6954834
0.82480645
0.1347577
0.086852945
0.3523408
0.42445967
0.58588886
0.8282215
0.9848504
0.74141455
1
1
1
0.9809444
1
1
0.87161756
0.049935307
0.1435967
0.4987015
0.7885406
0.83299154
0.10957252
0.11092262
0.30441916
0.482455
0.74660146
0.7443546
0.96734864
1
0.42029852
0.031115873
0
0
0
0
0.21635695
0.07920082
0.12568991
0.27319947
0.44646958
0.7951856
0.73246133
0.92735565
0.56972414
0.3519728
0.034317672
0
0
0
0.04746559
0.13120726
0.21518046
0.26945925
0.674914
0.6970188
0.8515015
0.96349996
0.97619534
0.6803488
0.15481879
0.15024228
0.25447813
0.62371516
0.5227291
0.48849237
0.41466185
0.30893204
0.6232545
0.55184454
0.80019015
0.795836
0.7540143
0.8254865
0.8643271
0.1666692
0.23572943
0.41403276
0.6704558
0.9642847
0.23880237
0.1849987
0.42145932
0.7319434
1
1
1
1
0.43296963
0.047378086
0.004134385
0
0
0
0.0049262405
0.16615796
0.39694536
0.44674334
0.6270565
0.8237187
0.9608056
0.9161731
0.8031827
0.90564597
0.7086439
0.38548473
0.54395187
0.7735404
0.78720903
0.33478662
0.073532574
0.11766773
0.34451538
0.43218336
0.757565
0.65550464
0.8461287
0.64467037
0.58130646
0.16394031
0.1937448
0.25126398
0.35056892
0.50478226
0.2819595
0.6725808
0.92941797
1
1
1
1
1
1
0.89308786
0.17659122
0.2925562
0.6965695
0.89394045
0.5756646
0.14745158
0.2481899
0.39361995
0.65247375
0.80911833
0.7464785
0.9394431
0.7862864
0.4854436
0.04957319
0
0
0
0.00640959
0.104586
0.12764958
0.11556038
0.4164566
0.65637624
0.7890352
0.9821998
0.84117526
0.97160083
0.26997095
0.004093826
0
0
0
0
0.14680064
0.07480575
0.19686978
0.40287787
0.60731804
0.9347227
0.79967064
1
0.55332047
0.27402446
0.12615347
0.44715688
0.4996403
0.5803117
0.74587363
0.6542397
0.5433102
0.32606187
0.4960621
0.6368545
0.8138702
0.7799706
0.97709703
0.5671722
0.26953992
0.1815042
0.56704277
1
1
0.28297654
0.17342716
0.35430077
0.63477546
0.5880383
0.7443001
0.8685482
0.8440055
0.80572236
0.34592527
0.00567764
0
0
0
0.03139045
0.29953173
0.036698386
0.13145234
0.3261961
0.52982706
0.7451518
0.61950463
0.7153497
0.7234001
0.6755996
0.3948638
0.4906023
0.6595894
0.65596986
0.26599064
0.049297836
0.1605222
0.42104805
0.6441481
0.95597064
0.9799303
1
1
0.7728249
0.3215131
0.31048343
0.47200736
0.83303916
0.8733294
0.46219668
0.161566
0.31967154
0.40543088
0.7435837
0.6440075
0.71158576
0.75336087
0.88780063
0.30505446
0.13141964
0.48672006
0.80659413
0.9033222
0.6633562
0.19948392
0.31846115
0.5889081
0.7762504
0.94628483
0.9337557
1
0.7572943
0.9607834
0.35672152
0.009551105
0.0061605927
0
0.0108628
0.18251072
0.19585446
0.36284733
0.5155265
0.70089805
0.8387264
0.82985806
1
0.84334624
0.6811751
0.2815824
0.082913935
0.1961688
0.3181909
0.6545389
0.8690802
1
1
1
1
1
1
1
1
1
1
1
1
1
1
0.83288306
0.55163985
0.60417557
0.54069394
0.6329115
0.583653
0.59835553
0.6279743
0.62015176
0.63273364
0.55353504
0.6293639
0.5254162
0.5891175
0.5024665
0.50470984
0.49767414
0.45098278
0.532552
0.46397623
0.5041572
0.43504703
0.48668948
0.40777802
0.46246764
0.3896479
0.4180273
0.44881287
0.36628473
0.20084779
0.35602418
0.52862966
0.6606546
0.7714479
0.6676231
0.86802185
0.6477294
0.6776946
0.7609138
0.53040355
0.6551905
0.55107254
0.5352921
0.28937262
0.13661352
0.29616714
0.32842177
0.41717106
0.3987797
0.53891623
0.41143063
0.55044615
0.051540878
0.082014315
0.31220105
0.89867604
0.6972151
0.5508826
0.43618396
0.06534845
0.18336831
0.36346653
0.45913774
0.6842761
0.52040607
0.5746205
0.57750005
0.3665701
0.25376445
0.6155265
0.7158821
0.7971758
0.8265492
0.31688315
0.3891129
0.39220732
0.52743155
0.56602424
0.58549017
0.69969475
0.4067603
0.06311482
0
0
0
0
0
0.08408949
0.61282384
0.49363178
0.7028382
0.58826363
0.6941898
0.4981836
0.67278814
0.16071899
0.00481874
0
0
0
0
0
0.05612407
0.36538216
0.6785916
0.5555501
0.8182951
0.57160443
0.8632709
0.6410496
0.47616225
0.13610472
0.3626149
0.48127323
0.43349227
0.56591076
0.5422584
0.31180513
0.53371006
0.63019866
0.7537295
0.69224054
0.7982637
0.6332056
0.6887933
0.58761686
0.3630821
0.30264395
0.34607536
0.52422845
0.57802355
0.6926405
0.61925876
0.2360284
0.46222407
0.5995588
0.7946809
0.77098256
1
1
0.25498506
0
0
0
0
0
0.12061853
0.42026183
0.60273415
0.6333168
0.6461502
0.81739247
0.71185136
0.70141375
0.61817783
0.7521016
0.7474835
0.8065478
0.7768372
0.947759
0.7838711
0.18141721
0.21276347
0.47910845
0.33610916
0.59007907
0.4216575
0.58465713
0.38872552
0.33323565
0.0019423566
0.27353776
0.7187116
0.64149505
0.4857117
0.5554807
0.1778695
0.49994484
0.3604748
0.30799577
0.42182526
0.40931973
0.59674627
0.56581575
0.5966856
0.22788042
0.37086764
0.5937449
0.62930703
0.7190637
0.29453206
0.5573913
0.43934083
0.49371994
0.57566565
0.5124146
0.6601157
0.34168765
0.023860194
0.0008568585
0
0
0
0
0
0.32565325
0.66010004
0.48185924
0.7712021
0.6427448
0.9039115
0.71198887
0.26574895
0.0027136481
0
0
0
0
0
0.013096962
0.37332922
0.4697795
0.56598306
0.5870549
0.7488377
0.5549227
0.6056349
0.1050893
0.015469203
0.20487562
1
0.70052373
0.6512675
0.68518317
0.32000464
0.38736466
0.39408776
0.76523286
0.6732226
0.82710314
0.73556453
0.7502684
0.4699469
0.30578455
0.38006994
0.4415109
0.5185315
0.56998765
0.64267576
0.53283
0.54879117
0.7093685
0.7992517
0.88783604
1
1
0.5001227
0.032540876
0.008597695
0
0
0
0
0.14868341
0.7919947
0.9019729
0.9526124
1
0.9293364
0.8033754
0.92257
0.99725515
0.9047771
1
1
1
1
0.74852
0.09577008
0.3797303
0.5107835
0.48576725
0.76473796
0.59717476
0.7811384
0.6547736
0.56525993
0.0200134
0.31575605
0.77486014
0.78658307
0.71118367
0.65668297
0.24349566
0.63523287
0.6194429
0.7896337
0.7272238
0.4608279
0.43380895
0.32181427
0.4440531
0.1315519
0.45284355
0.41156226
0.6827502
0.45476165
0.40670472
0.3951524
0.37745878
0.53280616
0.585799
0.703438
0.53373164
0.7732174
0.11280566
0
0
0
0
0
0.0039898176
0.46010557
0.2999046
0.46352637
0.5138656
0.629661
0.7116723
0.8399739
0.6700262
0.030626431
0
0
0
0
0
0.017936865
0.27817327
0.5741448
0.49105453
0.69726205
0.5201481
0.6507152
0.6029692
0.50099194
0.24428213
0.017715866
0.3382177
0.4522172
0.5503415
0.49562925
0.3194724
0.38078454
0.6697187
0.6897675
0.6270577
0.79816455
0.5368615
0.7059137
0.5975152
0.4112113
0.2480568
0.3808849
0.68193656
0.6401381
0.7640326
0.4271434
0.29702812
0.525417
0.74987876
0.7637251
0.7700264
0.98430383
0.91459745
0.36235085
0.008554521
0
0
0
0
0.07494747
0.2518514
0.3787312
0.2665592
0.6336706
0.67936134
0.82315725
0.68931603
0.6582664
0.5851793
0.72687167
0.67655724
0.7206219
0.7114588
0.7661885
0.47735515
0.26515478
0.41100928
0.34842238
0.5527196
0.65940756
0.6325756
0.7826167
0.703406
0.38950312
0.04395045
0.501992
0.69185686
0.58623993
0.47969052
0.1388098
0.3926903
0.63549054
0.5605166
0.7145855
0.6522754
0.7614743
0.6392088
0.53778243
0.33637217
0.18927301
0.2603376
0.5066815
0.59431905
0.36988375
0.41121006
0.38406146
0.5707235
0.706279
0.6611482
0.66860497
0.6390665
0.3122601
0.02364643
0
0
0
0
0.026821736
0.40929615
0.6274139
0.6505649
0.79784983
0.63814306
0.82055014
0.7192559
0.85063183
0.5143625
0.068718664
0.017589223
0.011422346
0
0
0.060196202
0.34579292
0.36417326
0.453954
0.50148857
0.49261606
0.6709032
0.50218
0.59310174
0.16688515
0.029842975
0.35532084
0.5317589
0.47128722
0.47347462
0.22163363
0.25187963
0.54058343
0.383434
0.53525794
0.41510668
0.5871403
0.6019871
0.58131224
0.41540682
0.36461246
0.63688713
0.7548427
0.6543995
0.6779461
0.16197012
0.16357568
0.5059684
0.74641633
1
1
1
0.80058616
0.18678397
0.0014085185
0
0
3.4685283E-05
0
0.05826653
0.1122651
0.28605285
0.46083805
0.5707094
0.6084437
0.54179025
0.46189362
0.3788386
0.5172646
0.5876655
0.8712945
0.99618596
1
0.9065033
0.53341
0.3214758
0.25678903
0.32087627
0.50204057
0.46531144
0.54531735
0.54052675
0.36516732
0.31283084
0.4694057
0.5363767
0.6674773
0.5281292
0.36596164
0.18651195
0.47284684
0.47821027
0.53995204
0.82469875
0.59276193
0.59006274
0.64851767
0.41642368
0.38967314
0.113047905
0.3390723
0.34801134
0.44160953
0.4034941
0.18477342
0.5008208
0.47379074
0.57068956
0.5894532
0.46687907
0.4547881
0.036804345
0
0
0
0
0
0.014663989
0.31657532
0.31551915
0.5595079
0.720603
0.87281245
0.64243966
0.83767766
0.54477775
0.5349198
0.041455317
0
0
0
0
0.031652793
0.29703215
0.5643828
0.55978465
0.6069112
0.6139442
0.52334875
0.7394551
0.52714086
0.33550718
0.19293095
0.62147826
0.5498329
0.50431216
0.67337024
0.3064373
0.43925583
0.7369008
0.52125674
0.77056694
0.5931224
0.73391825
0.73716867
0.70616883
0.43759754
0.20200188
0.334192
0.5055704
0.55966413
0.6050936
0.58402807
0.42217803
0.48436224
0.68439066
0.7045741
0.7763136
0.9929781
1
0.68413675
0.08401035
0
0
0
0
0.18683052
0.63218397
0.6578864
0.6001956
0.75434303
0.6944669
0.6864935
0.68270606
0.70123297
0.6739081
0.66546
0.62897253
0.7222741
0.7369059
0.66276485
0.257745
0.34232014
0.34666607
0.65882885
0.6388375
0.70439756
0.4233231
0.4342746
0.42095158
0.33937672
0.41589102
0.6785519
0.66514015
0.5023096
0.4803983
0.3251954
0.4024837
0.45162183
0.6563948
0.6273911
0.8862265
0.72201294
0.8848328
0.6773597
0.3974831
0.743077
0.69392985
0.74621254
0.94882834
0.33601257
0.12588155
0.24852423
0.29667744
0.3639601
0.5449911
0.6019852
0.5352765
0.0924101
0
0
0
0
0
0
0.30070665
0.22107235
0.5272617
0.52956706
0.7653874
0.6360818
0.8786494
0.59921634
0.9078379
0.4396649
0.09974457
0
0
0
0.020446278
0.054659028
0.6501206
0.64098656
0.782367
0.59960735
0.56630355
0.5787614
0.50388384
0.45423624
0.16864082
0.44148132
0.49035403
0.51787215
0.53309417
0.52367014
0.2367917
0.6020841
0.6429865
0.75098723
0.6153355
0.653355
0.6933736
0.598098
0.6796348
0.28978187
0.52808404
0.620377
0.6558273
0.7742168
0.25348383
0.29203442
0.6826799
0.7667876
0.89668775
1
0.9532803
0.75887984
0.14841826
0
0
0
0
0
0.010024687
0.5501372
0.75822943
0.9616806
1
0.94352657
0.6838049
0.6403366
0.7078807
0.69038695
0.6612514
0.83546513
0.90594864
0.98177147
1
0.3986123
0.25247553
0.40307197
0.49700043
0.57514673
0.7906843
0.5950545
0.64893156
0.23232317
0.16555786
0.51996315
0.41491032
0.46355477
0.66785955
0.3696366
0.2191311
0.40644816
0.3531139
0.6701507
0.6870822
0.72474664
0.701646
0.5107477
0.5917778
0.15994094
0.49730656
0.7644625
0.59217674
0.73858535
0.52251375
0.11914466
0.30219775
0.3686744
0.40343925
0.44732857
0.49877688
0.47359365
0.35013
0.012587433
1.2503105E-05
0
0
0
0
0.30123976
0.3451172
0.49233714
0.40208927
0.74489146
0.5105787
0.773931
0.49731353
0.13540922
0
0
0
0
0
0.008799613
0.21854839
0.40957668
0.5423741
0.6545958
0.6289999
0.74216074
0.6262284
0.8172201
0.4077562
0.11546437
0.4176002
0.8374812
0.60416573
0.46147653
0.5079356
0.2179895
0.52826816
0.45880407
0.73405445
0.5032281
0.7368106
0.5301062
0.5354104
0.574053
0.12739417
0.5083587
0.4765553
0.87195426
0.8763991
0.43292266
0.19337252
0.5212618
0.7266765
1
1
1
1
1
1
0.51284397
0.019378407
0
0
0.03713996
0.44276303
0.6338925
0.65266484
0.9462427
0.75025237
0.8394307
0.6315788
0.7736588
0.6681135
0.6986781
0.5942646
0.69757885
0.77048695
0.739453
0.30708262
0.22063643
0.38368982
0.4463801
0.5738922
0.41230926
0.646222
0.4761184
0.34977013
0.0038680502
0.47960815
0.6430208
0.45042288
0.61303914
0.5127442
0.22475445
0.28804946
0.57500327
0.4890988
0.6568277
0.6322346
0.6343866
0.6131641
0.55316854
0.4378594
0.25355524
0.5224092
0.6967055
0.766475
0.4968926
0.16584323
0.34263873
0.4793836
0.53626573
0.68780905
0.6793143
0.5647726
0.72404945
0.48173538
0.1906873
0.0068877973
0
0
0
0.031933084
0.32079998
0.34911546
0.67383367
0.6365695
0.72777486
0.67960924
0.7633695
0.7186814
0.5708863
0.42602327
0.4051566
0.65881586
0.555506
0.6381724
0.12865067
0.19978166
0.32240027
0.45893714
0.45169982
0.5757709
0.4320616
0.6243997
0.4961124
0.55888903
0.2797632
0.44353086
0.5837243
0.54606634
0.4451165
0.24919367
0.31425112
0.38168004
0.4981712
0.42700535
0.49211872
0.4430188
0.68632543
0.4574677
0.5052447
0.4247588
0.5825583
0.56148714
0.5528094
0.25905243
0.20602542
0.33586523
0.32453582
0.39175686
0.31562614
0.5676712
0.5390377
0.66572416
0.58221537
0.57168716
0.75174016
0.696713
0.7783356
0.2007926
0.1426143
0.26510924
0.47528893
0.5334202
0.5923409
0.36153534
0.45425785
0.64552623
0.6038456
0.2790452
0.22735555
0.33380488
0.50272626
0.58074194
0.27079543
0.40322706
0.41570902
0.73059267
0.90006983
0.9163585
0.6242589
0.9265455
0.9086666
0.7770132
0.29573673
0.68650585
0.87295353
1
0.85799104
0.6551264
0.6522905
0.7382885
1
0.91777825
0.6442593
0.77160114
0.8958819
0.7959875
0.6269072
0.29461604
0.6285136
0.74620706
0.8878545
0.7965976
0.3028289
0.49968553
0.79350793
0.96998733
0.82039005
0.38943583
0.84298444
0.99013555
1
0.6093249
0.3114568
0.5301081
0.759197
0.89930326
0.8485436
0.58157545
0.5574465
0.76295525
0.936669
0.92558134
0.60398316
0.60728765
0.86807495
0.7129565
0.41457126
0.4112801
0.6000307
0.66257083
0.79664993
0.45266798
0.2812215
0.590715
0.8919844
0.80755687
0.3353167
0.6899215
0.912578
0.8329332
0.83045924
0.24440624
0.71109325
0.7189406
0.90938526
0.7172225
0.47135478
0.67455775
0.78213847
1
0.90883523
0.5737944
0.79042864
0.7389278
0.44528523
0.19682233
0.44718125
0.7097159
0.8223739
0.59013164
0.42844462
0.2709549
0.53762305
0.43291214
0.62133795
0.34335688
0.1057379
0.4397673
0.6065984
0.6998221
0.584733
0.331987
0.53917646
0.7992661
0.7012623
0.429245
0.53029495
0.5239661
0.7094981
0.6460276
0.435603
0.68188184
0.6490778
0.76765186
0.2904543
0.23509715
0.42877594
0.6711791
0.7477133
0.7522784
0.33287093
0.048400283
0.0015107482
0
0
0
0
0
0
0
0
0
0
0
0
0
0
0
0
0
0
0
0
0
0
0
0
0
0
0
0
0
0
0
0
0
0
0
0
0
0
0
0
0
0
0
0
0
0
0
0
0
0
0
0
0
0
0
0
0
0
0
0
0
0
0
0
0
0
0
0
0
0
0
0
0
0
0
0
0
0
0
0
0
0
0
0
0
0
0
0
0
0
0
0
0
0
0
0
0
0.055454377
0.032131076
0
0
0
0
0
0
0
0
0
0
0
0
0
0.0021638467
0.12740129
0.61002874
0.32351482
0.5031771
0.4648482
0.54284775
0.69898677
0.5909923
0.86073244
0.5649707
0.23052396
0.4717198
0.5474283
0.7271639
0.6601967
0.7163356
0.6233911
0.6150793
0.5763615
0.69661874
0.5473435
0.78290164
0.5918793
0.8357667
0.35200626
0.20547792
0.42829958
0.71244854
0.58779997
0.5216967
0.22195032
0.03990992
0
0
0.036486328
0.28329358
0.5873754
0.58725286
0.755902
0.692004
0.7887768
0.4454041
0.08960282
0
0.23994641
0.41270483
0.5402191
0.46201512
0.6575975
0.5289871
0.7105599
0.6811049
0.6389373
0.8717791
0.71668035
0.9526823
0.7364903
1
0.6782834
0.47959128
0.34420577
0.5108687
0.51404613
0.65505046
0.5535209
0.74810153
0.56279254
0.9192125
0.35431883
0.24286935
0.35376146
0.4847393
0.8157957
0.70792294
0.15107337
0.5747724
0.4510299
0.6750394
0.60616
0.8243536
0.75867635
0.84041756
0.85282075
0.3765026
0.42197526
0.5224514
0.60463357
0.7756395
0.4087836
0.07353364
0.0070309145
0
0
0.022413649
0.46619636
0.4536759
0.6948988
0.6088322
0.558715
0.429987
0.2749744
0.024287755
0.010733688
0.25781047
0.35410383
0.6238758
0.4635558
0.8092901
0.5540389
0.822497
0.69854015
0.8917966
0.7669457
0.9610043
0.77037483
0.822364
0.92226934
0.6535969
0.18551435
0.31634304
0.45849183
0.5925688
0.7228002
0.58665186
0.8375863
0.72841203
0.91812474
0.33800462
0.3022825
0.6163438
0.7310977
0.5513374
0.70252264
0.6607183
0.4028066
0.6719698
0.5580281
0.7406988
0.6275076
0.84003067
0.64762056
0.4712381
0.26486552
0.512055
0.58383584
0.6837935
0.6391186
0.22223717
0.008222305
0
0
0.015712686
0.39771214
0.33478394
0.7052425
0.5729632
0.76630604
0.5694703
0.51687706
0.33742774
0.060605407
0.12437981
0.3301127
0.40714327
0.48042864
0.75293356
0.58970946
0.91661584
0.6779494
0.8644294
0.75554293
0.8081725
0.7870871
0.7318977
0.7977418
0.6047499
0.26436722
0.040316172
0.06555491
0.12667266
0.2448324
0.016537067
0.003963941
0.035557203
0.042961832
0.068264805
0.048239652
0.04265562
0.039232925
0.11069921
0.23729591
0.027961768
0.018028157
0.009586821
8.1849525E-05
0.0031556226
0.07506846
0.058327436
0.04718222
0.1518537
0.16167657
0.010772779
0.014883158
0.065452844
0.09166618
0.05192203
0.03056467
0.024669316
0.016913354
0.03094287
0.00927028
0.06458582
0.06310705
0.0077397353
0.023409445
0.028685696
0.06079669
0.04609111
0.0020334183
0.0018574456
0
0
0
0
0
0
0
0
0
0
0
0
0
0
0.025196662
0.41077948
0.5836518
0.3760443
0.6460574
0.5251872
0.7196542
0.50484854
0.8212637
0.5785835
0.51430005
0.3860878
0.4806027
0.45080236
0.715685
0.7183245
0.46704975
0.42505938
0.58071494
0.58502907
0.7286007
0.72835684
0.6605997
0.82532233
0.5790968
0.2924683
0.24156177
0.68282855
0.6968774
0.79475504
0.25841922
0.040746313
0
0
0
0.06684158
0.6391979
0.63514054
0.7825493
0.7608216
0.4298498
0.2283228
0.020873865
0
0.011579158
0.3836133
0.466936
0.45213905
0.7528859
0.6533348
0.8912319
0.69620174
1
0.7153662
1
0.8904318
1
0.9325936
0.91732985
0.36478502
0.43271038
0.551531
0.525129
0.74451154
0.75695014
0.8332694
0.8677866
0.8554891
0.62076944
0.37340128
0.42500645
0.5434141
0.5833927
0.5340395
0.5680585
0.41315517
0.59933317
0.51815516
0.8541881
0.7000963
0.8912888
0.66938436
0.9996452
0.53147215
0.40674505
0.7040998
0.579746
0.767444
0.43513566
0.10621715
0
0
0.0146206375
0.12358388
0.41179207
0.6207229
0.6005891
0.84979093
0.58373207
0.7380519
0.6496178
0.11953568
0.04527195
0.36651757
0.3175839
0.48857594
0.48804495
0.60380566
0.6007094
0.72546697
0.7610901
0.73277557
0.9484159
0.81147647
0.9802904
0.62759453
1
0.641307
0.2816162
0.34778583
0.44405064
0.4327064
0.81321067
0.67311305
0.87581474
0.8188628
0.8937405
0.37118345
0.24433799
0.3981903
0.62478065
0.5468591
0.50340414
0.85750675
0.38065633
0.8200179
0.60019535
0.9526904
0.8425349
1
0.90691763
0.6396879
0.28330544
0.47836465
0.4937956
0.8403012
0.62479985
0.34167513
0.051014006
0
0
0.035173513
0.3851663
0.3655664
0.5770134
0.6346791
0.600846
0.64483577
0.5784928
0.5167047
0.028245598
0.19083959
0.34458697
0.40783194
0.5036993
0.7271639
0.71023375
0.8565714
0.8846243
0.70376045
0.8797929
0.672828
0.8389972
0.58863044
0.9016012
0.67502654
0.19867428
0.025409952
0.08122917
0.15813032
0.22794178
0.06536374
0.0054582083
0.022182614
0.035867978
0.057423633
0.06644667
0.037271902
0.06293765
0.074606486
0.19488409
0.07458043
0.02803762
0.008247366
0.004039107
0.015110713
0.07524507
0.07763772
0.060938034
0.19957808
0.19122094
0.067400485
0.027153954
0.0741617
0.067973234
0.12760009
0.034375776
0.031348012
0.048213467
0.04780583
0.042002466
0.02428575
0.112773016
0.027081894
0.04395612
0.055648837
0.08739904
0.07506071
0.038791325
0.015437203
0.016673256
0.0022927467
0
0
0
0
0
0
0
0
0
0
0
0
0.008765507
0.3607551
0.35202774
0.39413112
0.73897666
0.6115473
0.8198031
0.41569334
0.21619134
0
0
0.14621368
0.45523092
0.50741726
0.4207631
0.41271845
0.43302134
0.44208723
0.52917635
0.5716012
0.64820874
0.59989405
0.7453508
0.60416806
0.69660586
0.13605955
0.38099116
0.5166887
0.7451656
0.6378224
0.32800254
0.17028958
0.269661
0.49568826
0.42231166
0.66206074
0.43141776
0.12603025
0
0
0
0
0
0
0.04162714
0.3614922
0.35637733
0.3864381
0.5505343
0.5866439
0.60015905
0.7036762
0.18755303
0.0028622176
0
0
0
0
0
0.04626985
0.3163258
0.44164565
0.44747043
0.71204764
0.5263588
0.79663724
0.5465363
0.72930133
0.30359715
0.046871834
0.34991184
0.33443728
0.43566838
0.44639972
0.30120492
0.4264881
0.55708593
0.5659312
0.63589996
0.4879233
0.69245166
0.49751398
0.664152
0.21827915
0.15264016
0.37085205
0.43405536
0.5607617
0.2815189
0.24219525
0.26232767
0.40070236
0.5423873
0.76707816
0.85657746
0.6424028
0.11017175
0
0
0
0
0
0
0.21120517
0.32386482
0.47118494
0.473572
0.6168898
0.5529087
0.64045936
0.58980435
0.5589912
0.6542273
0.56263316
0.6648565
0.5022253
0.66305023
0.47228888
0.12949948
0.23077455
0.45091462
0.41097403
0.5844896
0.5554397
0.6077834
0.62654215
0.45486307
0.13774183
0.34767756
0.51426315
0.38582477
0.4403148
0.42411506
0.08646374
0.45916757
0.46171194
0.5603068
0.55492544
0.49156728
0.64622885
0.5375754
0.53796566
0.045491144
0.3895936
0.38259673
0.5850435
0.4474991
0.37013456
0.13341254
0.48221707
0.46374172
0.5090552
0.59442633
0.47225535
0.2051707
0
0
0
0
0
0
0.08494776
0.15470637
0.38519993
0.43972844
0.26010558
0.4041889
0.29999125
0.46402505
0.2133702
0.0003222765
0
0
0
0
0
0.023287777
0.30566844
0.39499474
0.5549019
0.5218725
0.5460277
0.6065259
0.5245378
0.63841724
0.5099093
0.09462731
0.23698774
0.45934603
0.37279165
0.36245376
0.4070791
0.2799094
0.31860784
0.5224794
0.48702228
0.64328045
0.5083766
0.53401953
0.5564029
0.39433724
0.46665013
0.0994004
0
0
0.02208603
0.29371697
0.51224464
0.66304845
0.7413572
0.8438146
0.7061303
0.69789714
0.42755786
0.0045214007
0
0
0
0
0
0.14678447
0.51233846
0.51946694
0.5384776
0.6308604
0.5826828
0.61783004
0.69484276
0.75107425
0.7908592
0.7990624
0.8128813
0.85505193
0.86371195
0.747191
0.11872993
0.22140813
0.31907356
0.53692335
0.42818063
0.45806262
0.055774234
0
0
0
0.09071836
0.23581283
0.42730197
0.41020668
0.33448368
0.18830544
0.3509698
0.41746214
0.55997825
0.45731944
0.71806747
0.46206042
0.6399085
0.51208293
0.10296637
0.27121085
0.54547995
0.42784676
0.50325936
0.3533738
0.16549459
0.44238514
0.32914114
0.5891509
0.4222866
0.6449468
0.42758837
0.10264762
0
0
0
0
0
0
0.12823424
0.46702367
0.3982505
0.5283605
0.43639883
0.4420884
0.34195215
0.25446233
0.007418161
0
0
0
0
0
0.0017432019
0.2162631
0.55119693
0.51244265
0.6331308
0.5415188
0.52518773
0.61980844
0.49327403
0.545966
0.10898067
0.21420811
0.40963396
0.41685873
0.33693513
0.30204841
0.2512449
0.42889416
0.4770763
0.5025564
0.53335935
0.54301304
0.49348757
0.5019821
0.08705896
0.31857288
0.42907485
0.6011124
0.453707
0.39679232
0.1023793
0.44637212
0.57826316
0.5464832
0.69582385
0.7613296
0.6894137
0.18185256
5.8220416E-05
0
0
0
0
0
0.07850166
0.18798995
0.45158777
0.4919482
0.5367
0.6312223
0.5987569
0.6904455
0.5439108
0.74627054
0.52796453
0.63397706
0.544046
0.58160806
0.47179338
0.15069209
0.18372469
0.508813
0.31602067
0.59604007
0.43308598
0.56070054
0.49391976
0.4953023
0.28594822
0.08340151
0.31052643
0.30611822
0.48197243
0.18231271
0.3714391
0.34601426
0.7002795
0.40043473
0.64671814
0.44306576
0.6701531
0.58138645
0.564315
0.071299106
0.3261157
0.36415058
0.39535278
0.47613043
0.1802234
0.2975419
0.38676223
0.5246175
0.56286275
0.54096735
0.66867703
0.47350812
0.12121323
0
0
0
0
0
0.021055195
0.16541363
0.33014748
0.5447614
0.5091185
0.6052381
0.46411744
0.629234
0.17408969
0
0
0
0
0
0
0.20131841
0.100508146
0.30660406
0.37142223
0.58488935
0.5047035
0.66886175
0.4784275
0.6620694
0.4635047
0.25747678
0.12752137
0.3420333
0.362433
0.38991803
0.3621241
0.28496742
0.5047234
0.5928634
0.52835417
0.5561452
0.54838693
0.42253584
0.11506566
0.20751247
0.14013885
0
0
0
0
0.07120042
0.39548656
0.6706533
0.7257575
0.70425487
0.77182424
0.8086482
0.54195535
0.13317598
0
0
0
0
0
0.020144874
0.398865
0.5026615
0.59331375
0.67827
0.6921042
0.6231413
0.625292
0.69209516
0.7475145
0.74291056
0.71529615
0.760053
0.7280594
0.6649923
0.08344229
0.18904881
0.39558887
0.4006222
0.3776906
0.5100334
0.41883698
0.5644302
0.41294348
0.5704836
0.43392557
0.5580476
0.4762231
0.49595067
0.47685838
0.4547778
0.5199213
0.42862973
0.5060858
0.40591276
0.4926084
0.38745362
0.4863721
0.2159285
0.27629176
0.23811808
0.37020674
0.32297423
0.46265694
0.4586811
0.49101305
0.5197997
0.50805086
0.55306643
0.5796682
0.50492936
0.60351
0.40823093
0.5654177
0.4702133
0.61044264
0.65971345
0.63153315
0.5870726
0.22186272
0.45123222
0.42280808
0.6027198
0.53294504
0.65017855
0.62166893
0.64517
0.6068772
0.5427629
0.60266405
0.42568338
0.392725
0.35059008
0.39292312
0.4879152
0.56282026
0.6164765
0.5572292
0.58659166
0.5078234
0.62859696
0.5390695
0.6441512
0.49527028
0.5376574
0.5599563
0.58147305
0.6103213
0.5579597
0.5719766
0.5373073
0.6350742
0.55108
0.6608057
0.59574294
0.592833
0.5727123
0.5682817
0.56960005
0.5400867
0.55539733
0.5157239
0.5625555
0.53267586
0.49476236
0.46103388
0.5065132
0.54225194
0.5194115
0.5138333
0.5069654
0.5101356
0.47504103
0.5206494
0.52948374
0.54894537
0.51118606
0.4583199
0.49840516
0.48409006
0.4619682
0.5103425
0.5295485
0.49439105
0.5012575
0.5523046
0.5406889
0.52293456
0.5356064
0.56572527
0.5013248
0.50072443
0.21589042
0.46555272
0.51687795
0.73287773
0.83340454
0.95971894
0.47108442
0.89433247
0.5708721
0.5156219
0.13931018
0.38224542
0.626513
0.5763891
0.57945347
0.42497745
0.32382613
0.9209432
0.47969618
0.88886386
0.5628584
0.7988278
0.6022147
0.8048754
0.4187575
0.13229258
0.5578428
0.77587223
0.6414716
0.78841555
0.31609225
0.027689569
0.003242795
0
0
0.1998232
0.31629542
0.60276294
0.45127213
0.763341
0.20670532
0.053637356
0.0036372559
0
0.061672997
0.2777501
0.28800127
0.5999121
0.43995234
0.8291997
0.5532405
0.84258956
0.59911025
0.7999339
0.6541942
0.6751097
0.6486917
0.58377117
0.59696114
0.11699492
0.08705657
0.41276294
0.3783575
0.6509632
0.5350881
0.696334
0.6860988
0.65008634
0.2989307
0.11428612
0.40487853
0.52784896
0.65289414
0.64033234
0.3280294
0.6472384
0.8189987
0.68760747
0.80033636
0.6245945
0.6931183
0.66865087
0.52415246
0.60852695
0.2675281
0.48285085
0.47132283
0.60327625
0.04630826
0.0066116382
0.0009915889
0
0.015010555
0.22180171
0.41866955
0.453633
0.49070916
0.49848032
0.40154922
0.51451886
0.28538796
0.076810755
0.016561063
0.24144682
0.22496282
0.49314564
0.43964288
0.6516744
0.5659754
0.7833682
0.6498434
0.7268806
0.73537403
0.65420943
0.7533271
0.6001055
0.7164931
0.46126157
0.59240234
0.5157069
0.62618035
0.5527785
0.58686364
0.62278384
0.5452792
0.6189127
0.49883687
0.61498326
0.43539226
0.61549085
0.48539984
0.56720066
0.52416176
0.528945
0.572056
0.5362671
0.628688
0.5063469
0.6293936
0.4509947
0.588868
0.5066729
0.58169305
0.5412219
0.55960625
0.5639522
0.5310227
0.6092685
0.5375521
0.6515235
0.4584416
0.6351715
0.49114034
0.57874626
0.52866143
0.5908571
0.616357
0.5936677
0.6497714
0.5737369
0.6990876
0.32987255
0.44433156
0.44742426
0.6131923
0.5462141
0.7395402
0.5522059
0.71515137
0.6637078
0.7527742
0.688296
0.7068375
0.7420647
0.681889
0.7343586
0.625517
0.7445835
0.47913072
0.41406125
0.30578282
0.40131918
0.5017239
0.59474134
0.6335324
0.550506
0.6124317
0.52232474
0.6320094
0.530632
0.662276
0.58165467
0.57164127
0.5563033
0.5633678
0.5963375
0.5104288
0.56337106
0.54219204
0.5761846
0.49363747
0.5379392
0.5550867
0.4606518
0.51136994
0.4757334
0.50674653
0.48187786
0.44276604
0.48053113
0.5341314
0.5339826
0.48940998
0.4791882
0.49523586
0.5062665
0.47429764
0.46493113
0.46578193
0.48521698
0.48908356
0.4654657
0.53351617
0.5124403
0.5078529
0.5504425
0.54891366
0.5206044
0.5066495
0.535983
0.47563574
0.5523866
0.520854
0.51520586
0.17719626
0.21989852
0.53201014
0.34182823
0.7203197
0.8077125
0.6273312
0.7001901
0.93516403
0.58761245
0.18646085
0.41812003
0.5853548
0.588844
0.64273083
0.50345975
0.44742396
0.3881591
0.7005487
0.5085463
0.8032002
0.62203014
0.88546157
0.7202323
0.46325204
0.20650941
0.5369131
0.8300155
0.7104369
0.81125206
0.35792667
0.030394895
0
0
0.0035829986
0.21192293
0.5391831
0.63952506
0.6314074
0.85923123
0.35193896
0.17187504
0.0065532858
0
0.12370261
0.21618299
0.45369703
0.40039083
0.6853785
0.5428625
0.7254703
0.605224
0.6909019
0.70776546
0.6437651
0.83391845
0.6672187
0.8381359
0.62875426
0.2389951
0.26755634
0.5593263
0.4422675
0.58008426
0.5431774
0.54573154
0.4295199
0.5727857
0.2184436
0.16447468
0.35437053
0.70746344
0.5714147
0.58253115
0.35619462
0.62466246
0.6665777
0.5575161
0.7867414
0.58973956
0.8262945
0.53060097
0.78604364
0.14498179
0.25932077
0.47840112
0.59715426
0.5418732
0.24444982
0.03354939
0.023447936
0
0.013052372
0.24805689
0.44724223
0.58831936
0.6861829
0.61831045
0.5679922
0.34499952
0.13683486
0
0.17413124
0.4026581
0.5523847
0.56763214
0.73291874
0.745985
0.7975423
0.6982743
0.6614131
0.7481599
0.57971597
0.6976118
0.5959658
0.705102
0.4498765
0.29863483
0.052365873
0
0
0
0
0
0
0
0
0
0
0
0
0
0
0
0
0
0
0
0
0
0
0
0
0
0
0
0
0
0
0
0
0
0
0
0
0
0
0
0
0
0
0
0
0
0
0
0
0
0
0
0
0
0
0
0
0
0
0
0
0
0
0
0
0
0
0
0
0
0
0
0
0
0
0
0
0
0
0
0
0
0
0
0
0
0
0
0
0
0
0
0
0
0
0
0
0
0
0
0
0
0
0
0
0
0
0
0
0
0
0
0
0
0
0
0
0.1482426
0.2286131
0.391451
0.53153074
0.41886848
0.68825537
0.4521291
0.76309025
0.6451848
0.7775472
0.7250204
0.8348032
0.805898
0.7395213
0.8384978
0.79983115
0.92143524
0.7653059
0.96785724
0.84827423
0.9372962
0.96873456
0.8593014
0.13614583
0.15624206
0.33817706
0.64131594
0.54670817
0.8436108
0.6162081
0.92946494
0.68256706
0.49590412
0.19708557
0
0
0
0
0
0
0
0
0
0
0.09318907
0.19125445
0.28905
0.51234925
0.51321816
0.8047129
0.5693207
0.7978041
0.5775941
0.7882233
0.61865526
0.7693525
0.6269668
0.6672612
0.6253401
0.56797475
0.6442633
0.596905
0.715026
0.6006417
0.70459646
0.7017949
0.714976
0.7415422
0.7420588
0.7523611
0.7136688
0.72897696
0.5259918
0.06592229
0.20570603
0.32555372
0.3130078
0.47214034
0.50899434
0.42922318
0.51591796
0.7500319
0.56868315
0.5811566
0.7970774
0.68114114
0.62588775
0.3323064
0.3907801
0.53732157
0.6173471
0.8850545
0.796918
1
0.9984113
1
0.32879758
0.34580055
0.32655498
0.4010168
0.59282583
0.6689627
0.47505072
0.19486637
0.22911863
0.103261255
0.018032605
0
0
0
0
0
0
0
0
0
0.18130098
0.19823317
0.3559675
0.39794043
0.53070086
0.50555974
0.5632373
0.5340726
0.4463453
0.49890777
0.43538696
0.6507247
0.6322831
0.77824
0.702991
0.7452501
0.7181115
0.8432284
0.8538391
0.87979794
0.91131604
0.9707302
1
0.90392476
0.27832395
0.14069366
0.42518693
0.3558596
0.6992744
0.6609462
0.77971023
0.81934196
0.8633657
0.3085865
0.01672611
0
0
0
0
0
0
0
0
0
0
0.11334557
0.45364147
0.3954716
0.6273067
0.49349102
0.6678701
0.6331
0.6686625
0.7284461
0.7376401
0.8151498
0.72075397
0.85885197
0.69721884
0.31073287
0.42786044
0.374112
0.4269587
0.23641458
0.33367375
0.57270163
0.5094173
0.763498
0.41253382
0.40465507
0.5059861
0.6808491
0.6669888
0.48016158
0.19850764
0.32973373
0.3474114
0.32336715
0.51814234
0.33532903
0.40430805
0.7842712
0.67276007
0.52759504
0.42710674
0.50578576
0.7883457
0.42537808
0.16147277
0.26902598
0.45715928
0.40040514
0.27187204
0.43095067
0.30533528
0.34691474
0.4393172
0.40646243
0.5198009
0.48568007
0.58898365
0.42025518
0.322277
0.1428737
0.21136425
0.43340263
0.31443894
0.36818904
0.696067
0.48386788
0.4736208
0.7433776
0.7117142
0.5622868
0.7583403
0.9136602
0.69867384
0.58403087
0.08861555
0.20967916
0.32201698
0.54729027
0.58962506
0.7000184
0.62691945
0.7009117
0.6852197
0.6195938
0.5774773
0.5540117
0.69854474
0.57188636
0.8799322
0.69471985
0.86322147
0.800821
0.9187627
0.8897963
0.8405625
0.98460025
0.91686594
0.33701822
0.08731373
0.51131225
0.5438527
0.6952265
0.66746813
0.48795003
0.6033497
0.4804789
0.6224382
0.18020834
0.0007735419
0
0
0
0
0
0
0
0
0
0.008904379
0.25962996
0.21685903
0.62970644
0.58830345
0.8266105
0.6960426
0.7664597
0.77296853
0.7153393
0.7621283
0.70326036
0.8282385
0.6494864
0.8297558
0.58039707
0.7680345
0.6588305
0.7706403
0.7048174
0.76158476
0.74216306
0.78534526
0.86442006
0.8156088
0.88429356
0.7844643
0.9526429
0.73193556
0.075820714
0.17625757
0.4099815
0.37550473
0.36582705
0.5714767
0.57600534
0.4571063
0.7815839
0.7202034
0.5875821
0.77443606
0.8289697
0.5915501
0.57143754
0.54961157
0.44038984
0.7516607
0.76497054
1
0.97458786
0.9499661
0.84938973
0.51212287
0.21902233
0.45292476
0.3770607
0.36925375
0.70549923
0.41461232
0.18176755
0.1252621
0.022593584
0
0
0
0
0
0
0
0
0
0
0.4495245
0.17135583
0.20504646
0.52184075
0.4882511
0.7122457
0.56458265
0.78377
0.60901725
0.8097316
0.6121115
0.8074626
0.6158874
0.6453436
0.45025072
0.63039315
0.5314551
0.65379125
0.77629876
0.8115947
0.8583949
0.8193509
0.9089355
0.8897677
0.4260149
0.07519484
0.32258317
0.4723122
0.59024036
0.4960861
0.5219351
0.46013522
0.6433902
0.2441263
0.00941109
0
0
0
0
0
0
0
0
0
0
0.2478007
0.2317993
0.36673775
0.4513955
0.62336445
0.5393463
0.770858
0.52340525
0.70733815
0.43547785
0.625892
0.50655985
0.71689856
0.6339093
0.28140536
0.20414965
0.39125174
0.39091828
0.39744464
0.20279507
0.40788123
0.31551287
0.4755035
0.53534925
0.24777701
0.34273162
0.540778
0.53984016
0.6103163
0.33359763
0.18579854
0.41021684
0.51898813
0.32622844
0.39371452
0.49906284
0.5943429
0.87188387
0.23797326
0.1917728
0.20541073
0.39168912
0.60588485
0.14631873
0.17922044
0.20768262
0.47671974
0.44933814
0.16812032
0.4217183
0.3748927
0.4467396
0.23642382
0.3789698
0.43954155
0.5041882
0.53036076
0.45465276
0.3750876
0.24876635
0.38791773
0.46851572
0.35678402
0.40101382
0.49379942
0.43033424
0.39904332
0.69807535
0.5387143
0.49440232
0.74904555
0.8264939
0.50606877
0.12908636
0.17777601
0.18925239
0.2070215
0.42516884
0.33189172
0.5839438
0.39752617
0.5263669
0.38558644
0.2929673
0.14684467
0.021889392
0
0
0
0
0
0
0
0
0
0
0
0
0
0
0
0
