0
0
0
0
0
0
0
0
0
0
0
0
0
0
0
0
0
0
0
0
0
0
0
0
0
0
0.012423415
0.078223705
0.070889674
0.07063075
0.06806361
0.074147314
0.074300125
0.07528848
0.06027779
0.05188681
0.040277548
0.04796843
0.07672677
0.08686587
0.08891015
0.1095755
0.09865778
0.08601226
0.090106755
0.07752747
0.09462407
0.08777229
0.092155576
0.1063789
0.120211676
0.12862667
0.059010968
0.13582432
0.11095945
0.09613196
0.11640174
0.09088805
0.065712385
0.077693135
0.096536934
0.106813975
0.13400452
0.21339063
0.15676726
0.15526022
0.14497471
0.16624224
0.18878569
0.17444137
0.2085737
0.18412821
0.15055698
0.16515358
0.14992431
0.1572243
0.18313156
0.17648505
0.18692027
0.19570412
0.17745845
0.24588884
0.19127959
0.19208363
0.2086147
0.22136733
0.18373694
0.16456638
0.14642406
0.12574482
0.13365282
0.1583554
0.18719801
0.17000483
0.16167405
0.1566593
0.16910043
0.15344065
0.09887256
0.09684
0.13499883
0.14825489
0.15821847
0.17410561
0.22578874
0.23523319
0.2120451
0.22306778
0.29130337
0.33342183
0.34375247
0.22077556
0.18779975
0.23485579
0.29087666
0.21537308
0.12484612
0.14943422
0.31153163
0.32820055
0.19425085
0.14244762
0.28323704
0.3679343
0.38326144
0.3688883
0.3594767
0.4860992
0.46948937
0.424958
0.52402925
0.50268227
0.36471066
0.30251384
0.34606925
0.38735583
0.286539
0.33680496
0.5006906
0.44926402
0.34256133
0.36594886
0.44294706
0.43933326
0.37725237
0.34123382
0.42275268
0.45139173
0.42780775
0.4212206
0.44502094
0.4664901
0.43595713
0.31324872
0.30314487
0.34311584
0.30399603
0.19650152
0.13408586
0.17587498
0.12174056
0.19889852
0.23261192
0.1023217
0.3064799
0.2152226
0.11671401
0.19500256
0.1365694
0.2524
0.038106747
0.26974276
0.119521886
0.12425212
0.2537511
0.09298682
0.21545573
0.18073653
0.15025668
0.27449667
0.13676392
0.089136474
0.20103884
0.29683048
0.24573454
0.3146615
0.22442102
0.13898377
0.056503385
0.15114512
0.33068135
0.24837933
0.22232336
0.40290096
0.14521074
0.14318566
0.23256901
0.123267986
0.1840407
0.16405919
0.18147258
0.17153089
0.17172672
0.21972898
0.15609848
0.13869053
0.16555256
0.24469571
0.38784513
0.34630564
0.3673998
0.37107798
0.3257766
0.3735041
0.2886692
0.2094249
0.22704287
0.2753047
0.23508985
0.21967901
0.22013119
0.20611058
0.16664623
0.20977822
0.23211893
0.23419766
0.22776097
0.24191158
0.28720006
0.21479146
0.103207424
0.23753595
0.19679661
0.28850842
0.2642869
0.19414465
0.24165578
0.14535314
0.16225962
0.1940471
0.20955765
0.20353211
0.22046626
0.124485485
0.23358
0.17861047
0.19545867
0.24967693
0.19163379
0.22422545
0.28664452
0.22485691
0.32050797
0.2763811
0.21493532
0.07128438
0.08220858
0.13178033
0.23114006
0.21201873
0.051861588
0.030521542
0.09792575
0.13705564
0.094267935
0.04786164
0.014910311
0.042587657
0.046825826
0.051304333
0.050877284
0.04459898
0.002213178
0.0089063635
0.007071675
0.019556561
0.046070565
0.02183519
0.045423288
0.032697875
0.016465513
0.009740355
0.025484834
0.009964397
0.048619572
0.04188971
0.011744879
0.0147319175
0.0024408903
0.020732418
0.0150899105
0
0.0017455798
0.0019555346
0
0
0
0.0018754569
0.0005146783
0.0024104528
0
0
0
0.0005866362
0
0.0022581068
0
0.0014520773
0.00657377
0.014212836
0.0014318376
0
0
0
0
0
0
0
0
0
0
0
0
0.0015483149
0.0016984687
0
0
0
0.000591229
0
0
0
0
0
0
0
0
0
0
0
0
0
0
0
0
0
0
0
0
0
0
0
0
0
0
0
0
0
0
0
0
0
0
0
0
0
0
0
0
0
0
0
0
0.031440906
0.0655438
0.07340511
0.08327899
0.086285666
0.110147014
0.13225
0.1260202
0.12387717
0.122612126
0.13037163
0.16236033
0.18815213
0.23131925
0.22321887
0.20134743
0.21444833
0.18758303
0.1469207
0.09689167
0.15596646
0.21874003
0.19312346
0.20602155
0.21026608
0.2768513
0.4089923
0.60086566
0.7373846
0.7894228
0.79273564
0.85737497
0.85737497
0.85737497
0.67685974
0.32911676
0.17134516
0.20404209
0.1605215
0.09817827
0.17354333
0.088230684
0.06488184
0.25744018
0.33365408
0.42566007
0.31633908
0.2161629
0.21033485
0.19542904
0.25635168
0.24048772
0.16566539
0.24997278
0.27819404
0.31811044
0.52500916
0.5046965
0.50794494
0.54334116
0.4832764
0.5959488
0.38649333
0.29221162
0.13582328
0.16802542
0.21655415
0.19242108
0.14567554
0.16840479
0.15989543
0.15750434
0.18628922
0.17396712
0.13401136
0.17490664
0.5002847
0.5422184
0.54475296
0.6051622
0.697129
0.7768892
0.82859445
0.7853047
0.85737497
0.7413532
0.85737497
0.79734004
0.7668361
0.7436891
0.47844905
0.4222938
0.31003785
0.33027953
0.47780824
0.4670053
0.39680186
0.38927683
0.32049182
0.4909341
0.5748075
0.48334938
0.28558046
0.3273895
0.2883636
0.35769266
0.19378717
0.34718156
0.25407633
0.24461046
0.221067
0.31976596
0.23737049
0.30127174
0.2957881
0.27052957
0.2944998
0.37909445
0.27070484
0.3097715
0.22526142
0.24583398
0.11597723
0.15192212
0.26543972
0.27503708
0.24308868
0.20166315
0.22101925
0.2917482
0.32494256
0.29915345
0.33423564
0.3097601
0.2800684
0.42548493
0.37980995
0.28402066
0.122701846
0.05693747
0.10170938
0.12490556
0.14048335
0.11411194
0.11215772
0.11528471
0.115732454
0.12955637
0.11592024
0.15695132
0.12781928
0.11356523
0.18493147
0.14875482
0.19835117
0.17285778
0.17011371
0.15327735
0.15260603
0.23187944
0.1702957
0.16370666
0.16013668
0.18719132
0.10650599
0.12619093
0.13552926
0.1100181
0.0939701
0.08774721
0.11301657
0.09033225
0.106846645
0.08657826
0.042961482
0.047189668
0.029771855
0.018056903
0.0037937085
0.0040756254
0
0.003485195
0.003518992
0.0009327405
0.012008605
7.9939656E-07
0.00260943
0
0
0.00016499641
0.001257598
0.002508253
0
6.5952976E-05
0
0
0
2.7871314E-05
0
0.0012982449
0.0017080541
0
0
0
0
0.0038852291
0
0
0
0
0
0
0
0
0
0
0
0
0
0
0
0
0
0
0
0
0
0
0
0
0
0
0
0
0
0
0
0
0
0
0
0
0
0
0
0
0
0
0
0
0.066911444
0.37535977
0.41178364
0.31988522
0.33277875
0.28304267
0.2827661
0.313403
0.3742188
0.39359516
0.40815046
0.36483943
0.4438981
0.3979637
0.4734297
0.45670876
0.52951497
0.5009908
0.53581166
0.5151775
0.5097252
0.53165483
0.5468782
0.5746612
0.62456256
0.66104597
0.5493752
0.5030757
0.4377739
0.39871076
0.3115491
0.38890314
0.26445928
0.2961476
0.23928061
0.22281449
0.24147268
0.21463017
0.23546998
0.28982306
0.344013
0.35786778
0.3902128
0.4256354
0.3860926
0.428367
0.34033474
0.3643501
0.40946943
0.4345421
0.40572658
0.3312299
0.46423
0.4574787
0.4084144
0.45681012
0.44800195
0.42943683
0.5056815
0.47057444
0.4548574
0.43585607
0.45144305
0.43715417
0.42070037
0.41025645
0.39310485
0.38584867
0.44395614
0.4283389
0.45497033
0.5131647
0.501876
0.45722014
0.43820542
0.3397638
0.26408815
0.3008289
0.28719336
0.3666329
0.35231152
0.31269833
0.4190803
0.36626387
0.26785925
0.24456094
0.26029384
0.26308957
0.25877783
0.16943243
0.33211243
0.34125304
0.17600027
0.42511562
0.34377846
0.23031968
0.38206244
0.13820101
0.16907379
0.14869262
0.0940834
0.20437203
0.14463688
0.21357755
0.25208172
0.1857841
0.24900508
0.24000922
0.15832995
0.1716714
0.1926753
0.14892618
0.12007716
0.19792901
0.17516463
0.19117564
0.2705349
0.20666334
0.34212092
0.2870972
0.23109245
0.29963708
0.20088135
0.1897073
0.1436759
0.16045868
0.16401812
0.12898727
0.1943796
0.22111516
0.23771743
0.2423191
0.24889679
0.30270848
0.27156743
0.2956694
0.3120743
0.2585108
0.27369034
0.27884275
0.27706814
0.33377022
0.25190198
0.19212072
0.23235218
0.2489984
0.30128157
0.31749538
0.3480543
0.2906177
0.35759678
0.25827643
0.22057109
0.22014146
0.25402305
0.27506155
0.16238101
0.1602521
0.16316624
0.16039748
0.20176233
0.18810241
0.18554986
0.22013292
0.25718728
0.2381336
0.1886999
0.19827345
0.11367167
0.14472781
0.20852983
0.23924072
0.21434201
0.18881848
0.1829346
0.18918136
0.22926661
0.22172916
0.22353573
0.17797229
0.2329724
0.15666118
0.19727385
0.20274656
0.20356217
0.23911594
0.24712034
0.25515604
0.26595116
0.24008742
0.28688625
0.2864268
0.3145306
0.29309234
0.30517372
0.29831085
0.2989533
0.3051594
0.33701855
0.29064357
0.32205492
0.35068274
0.2769582
0.35572052
0.33507007
0.3516701
0.33264586
0.26698014
0.29617178
0.26175457
0.2605339
0.30789232
0.36658624
0.34889
0.31535375
0.28823054
0.26760548
0.2678302
0.25063258
0.26031804
0.24903484
0.25069058
0.17327401
0.058515526
0.12116712
0.13681267
0.10583942
0.06827895
0.12720643
0.11884445
0.20746595
0.16337524
0.26093698
0.30592874
0.24491031
0.25085056
0.31750482
0.30592418
0.30288243
0.27946898
0.30442438
0.1778586
0.25102568
0.23542453
0.21583648
0.33479223
0.21224064
0.2428522
0.31064227
0.18322654
0.13099225
0.15551576
0.26712927
0.23137064
0.2962071
0.263359
0.3285578
0.23503973
0.1997524
0.23870638
0.22090453
0.18980914
0.13636562
0.10643587
0.0548739
0.016578827
0.036684576
0.0089766765
0.025052855
0.09674451
0.07797828
0.019011842
0
0
0
0
0
0
0
0
0
0
0
0
0
0
0
0
0
0
0
0
0
0
0
0
0
0
0
0
0
0
0
0
0
0
0
0
0
0
0
0
0
0
0
0
0
0
0
0
0
0
0
0
0
0
0
0
0
0
0
0
0
0
0
0
0
0
0
0
0
0
0
0
0
0
0
0
0
0
0
0
0
0
0
0
0
0
0
0
0
0
0
0
0
0
0
0
0
0
0
0
0
0
0
0
0
0
0
0
0
0
0
0
0
0
0
0
0
0
0
0
0
0
0
0
0
0
0
0
0
0
0
0
0
0
0
0
0
0
0
0
0
0
0
0
0
0
0
0
0
0
0
0
0
0
0
0
0
0
0
0
0
0
0
0
0
0
0
0
0
0
0
0
0
0
0
0
0
0
0
0
0
0
0
0
0
0
0
0
0
0
0
0
0
0
0
0
0
0
0
0
0
0
0
0
0
0
0
0
0
0
0
0
0
0
0
0
0
0
0
0
0
0
0
0
0
0
0
0
0
0
0
0
0
0
0
0
0
0
0
0
0
0
0
0
0
0
0
0
0
0
0
0
0
0
0
0
0
0
0
0
0
0
0
0
0
0
0
0
0
0
0
0
0
0
0
0
0
0
0
0
0
0
0
0
0
0
0
0
0
0
0
0
0
0
0
0
0
0
0
0
0
0
0
0
0
0
0
0
0
0
0
0
0
0
0
0
0
0
0
0
0
0
0
0
0
0
0
0
0
0
0
0
0
0
0
0
0
0
0
0
0
0
0
0
0
0
0
0
0
0
0
0
0
0
0
0
0
0
0
0
0
0
0
0
0
0
0
0
0
0
0
0
0
0
0
0
0
0
0
0
0
0
0
0.00025989683
0.0658718
0.12991098
0.13742341
0.10865775
0.1082198
0.083818905
0.054420207
0.03579739
0.06182981
0.064836696
0.058554787
0.07294609
0.0905222
0.07063017
0.1101334
0.100985125
0.077227965
0.06652305
0.09957294
0.14888734
0.21921004
0.2583555
0.2999298
0.26287568
0.18243787
0.12800655
0.08582914
0.07240272
0.102406695
0.13421252
0.1361266
0.15550384
0.17637593
0.1778388
0.20658767
0.26753053
0.26974365
0.20352004
0.16278166
0.15483789
0.11064614
0.11939726
0.12869945
0.13665937
0.14453852
0.16873425
0.19886976
0.17911574
0.1503362
0.12814553
0.13260737
0.112365924
0.11394685
0.11440217
0.106013246
0.0920771
0.113099
0.14248201
0.16552876
0.24871477
0.3519145
0.35247344
0.36540532
0.39360917
0.3152713
0.25652725
0.22404423
0.20423189
0.20942527
0.2047038
0.22835103
0.2071467
0.23549566
0.30251622
0.43973237
0.5486328
0.5563392
0.5380928
0.491741
0.43902835
0.40165845
0.41170153
0.31304863
0.27084887
0.22059059
0.15985249
0.21630113
0.16561772
0.20768562
0.14661407
0.16459678
0.1443505
0.26343012
0.29772493
0.25686753
0.2961142
0.28237218
0.22602013
0.16125855
0.18972282
0.20787339
0.25376576
0.30541044
0.3213155
0.28820863
0.25445095
0.12705679
0.098660864
0.086737186
0.08364697
0.060662244
0.033162285
0.0154908
0.04459988
0.022594595
0.026362749
0.02788443
0.028056001
0.042897116
0.11507685
0.103292145
0.07799459
0.076157615
0.035002295
0.051919546
0.049333777
0.060424093
0.0648094
0.08975426
0.013698373
0.017486693
0.02348214
0.018023245
0.007635824
0.014028702
0.018282779
0.0398631
0.047876913
0.027654927
0.020922868
0.018784795
0.0021998314
0.00599393
0.021728648
0.008065277
0.02225237
0.017881036
0.014170399
0.019899193
0.0120314425
0.015297799
0.0023925025
0.00087104196
0.0056276117
0.0032472424
0.0077388496
0.0025540846
0.0018260998
0.010601673
0.00044777815
0.0043380377
0
0.007172581
0.00064199447
0
0.00028486075
0.00013797561
0.0029644412
0.003879462
0.0029297038
0
3.874897E-05
0.006172851
0
0.0049998187
0.0013048286
4.672391E-05
0.001467941
0.0002467388
0.0012962231
0.0011542931
0
0.002231985
0.0011121446
0
0.0028592418
0
0
0.0003901103
0.00011209546
0
0
0
0
0
0
0
0
0
0
0.00013739732
0.0015373345
0
0
0
0
0
0
0
0
0.00025915977
0.03587425
0.20494242
0.23486565
0.22510478
0.16100039
0.16918534
0.16470829
0.17758673
0.16912806
0.19311789
0.17571205
0.18244152
0.19317392
0.2058016
0.22556911
0.2114746
0.2311711
0.20186558
0.22192475
0.16785112
0.15411222
0.21323927
0.24105465
0.2540044
0.24440463
0.20329612
0.14800575
0.079694584
0.041688126
0.06616783
0.11516787
0.11689815
0.10983771
0.086449556
0.09470694
0.10064491
0.067532346
0.048000466
0.049602203
0.05138185
0.05371886
0.0719871
0.105217576
0.16390486
0.14733239
0.08280915
0.064244434
0.065579824
0.05058585
0.054200385
0.115206145
0.17706017
0.17613931
0.1397022
0.12845868
0.12801507
0.22051206
0.33050287
0.34822
0.3267407
0.3218864
0.333227
0.35564768
0.30309248
0.28337443
0.39365333
0.39354274
0.36866188
0.35216212
0.3569305
0.37203696
0.45992205
0.5195082
0.5012514
0.5546322
0.7113435
0.7247766
0.7124576
0.8383159
0.85737497
0.85737497
0.85737497
0.85737497
0.85737497
0.7557031
0.53075624
0.7009461
0.46463242
0.61468345
0.64353746
0.60332644
0.6762652
0.64185864
0.5573912
0.5142124
0.5515893
0.63749003
0.5168312
0.686048
0.60021764
0.71174836
0.67765254
0.65174013
0.70919716
0.724563
0.7178911
0.6817172
0.5074917
0.31162974
0.17603396
0.16580436
0.123493
0.12013813
0.13573359
0.17154792
0.1280445
0.1258708
0.18221796
0.13239624
0.18302236
0.18423435
0.15602615
0.18542692
0.20773208
0.1732104
0.23265319
0.13625357
0.13297902
0.122885376
0.08337914
0.13485958
0.11783007
0.11939555
0.07448254
0.026770508
0.025281953
0.03382763
0.057537876
0.07806616
0.045801032
0.024395643
0.034588568
0.09911297
0.075732775
0.055015463
0.06972844
0.048756495
0.092479534
0.049849514
0.041084718
0.0072559845
0.008429462
0.018997729
0.021444
0.0058351005
0.012444254
0.014441793
0.011615087
0.022526372
0.03723499
0.011572633
0.0118542565
0.0035790976
0.006945359
0.0034134905
0.0055748615
0.015454766
0.0038430812
0.0060567046
0.005629338
0.0007355927
0.006329917
0.001461912
0.0016611456
0.0010312793
0.0020353084
0.0035773767
0.0015845395
0.0011226141
0.00017737897
0
0.0006951714
0
2.4428731E-05
0
0
0
0
0.0033435235
0.0009721469
0.0004696411
0
0
0
0
0
0
0
9.8004515E-05
0.0008284543
0
0.0005887799
0
0
0
0
0
0
0
0
0
0
0.08419262
0.21449126
0.22102731
0.24216692
0.29256675
0.37498632
0.26301107
0.2436882
0.2836252
0.29266888
0.3225878
0.33609122
0.3454169
0.31021634
0.19110812
0.106996
0.078990564
0.12513788
0.17138445
0.18880984
0.19872373
0.17157482
0.19232745
0.25374183
0.24745893
0.31357038
0.32232237
0.3436045
0.40353194
0.42765105
0.43264797
0.39837956
0.43291104
0.45393148
0.4249841
0.43883777
0.4035223
0.37277415
0.29827896
0.23386528
0.23921163
0.21791054
0.22498685
0.2558115
0.24257714
0.25534704
0.32817015
0.33976793
0.29656616
0.29834586
0.25506845
0.28940472
0.32798475
0.39080143
0.42002556
0.4217944
0.45816272
0.47636566
0.42463145
0.42521906
0.45981166
0.46889678
0.48359066
0.5451675
0.54043174
0.49926332
0.524609
0.5261194
0.55966955
0.59844005
0.72900033
0.77121973
0.77129227
0.7071431
0.69570804
0.7396887
0.7457448
0.7748168
0.85737497
0.5272831
0.4412357
0.44693264
0.55345774
0.5122064
0.5594513
0.57357836
0.76293707
0.85737497
0.85737497
0.85737497
0.85737497
0.85737497
0.85737497
0.85737497
0.85737497
0.85737497
0.85737497
0.7603473
0.6573143
0.85737497
0.85737497
0.5408568
0.3130189
0.4380098
0.28472865
0.3611823
0.40384665
0.51476896
0.38581514
0.34225413
0.47052488
0.48677135
0.6765298
0.6954796
0.85737497
0.85737497
0.6306568
0.6908674
0.85737497
0.85737497
0.85737497
0.85737497
0.85737497
0.8197913
0.6630338
0.65513694
0.7593403
0.85737497
0.85737497
0.85737497
0.85737497
0.85737497
0.85737497
0.7783272
0.85737497
0.350111
0.19688949
0.2654326
0.10152312
0.1567734
0.064491466
0.11464056
0.121707834
0.11398083
0.22749348
0.086216554
0.17328666
0.10603471
0.1414433
0.22916444
0.17753209
0.16545531
0.20928681
0.19924471
0.24832602
0.203635
0.19750185
0.22182427
0.34819514
0.39130712
0.37836662
0.46919855
0.5473373
0.6137272
0.6319024
0.6206157
0.66096497
0.6663641
0.6744958
0.7013778
0.7698916
0.77192295
0.74300873
0.8381187
0.84578675
0.75562745
0.61579484
0.5237596
0.5997581
0.43350646
0.40615213
0.26491117
0.27612576
0.21542998
0.18062067
0.2401556
0.23550923
0.21162249
0.21683311
0.20438145
0.22638074
0.20887414
0.21844363
0.26268646
0.28018022
0.35258722
0.3078716
0.26274404
0.27352127
0.25558612
0.16370563
0.21878412
0.36084715
0.31009424
0.22210515
0.16784555
0.141561
0.15299745
0.14477368
0.11675793
0.08322265
0.10321896
0.08077572
0.040471982
0.047652043
0.063549444
0.051038973
0.06064534
0.05244613
0.05332157
0.033687778
0.037291236
0.02587657
0.035108946
0.044376396
0.033739507
0.010894737
0.032288227
0.022783078
0.010308466
0.01476687
0.01863669
0.016714577
0.006004878
0.010395743
0.010623421
0.007440094
0.01060256
0.009185789
0.01961266
0.015306831
0.015347118
0.031203527
0.04889531
0.047000255
0.023493515
0.001477931
7.436106E-05
0.0031824633
0
0.012978673
0.004224724
0.01279855
0.0018124087
0.0012474821
0
0
0
0
0.0009329822
0
0.00016969364
0
0.00046852007
5.7787474E-05
0
0
0
0
0
0
0
0
0
0
0
0
0
0
0
0
0
0
0
0
0
0
0
0
0
0
0
0
0
0
0
0
0
0
0
0
0
0
0
0
0
0
0
0
0
0
0
0
0
0
0
0
0
0
0
0
0
0
0
0
0
0
0
0
0
0
0
0
0
0
0
0
0
0
0
0
0
0
0
0
0
0
0
0
0
0
0
0
0
0
0
0
0
0
0
0
0
0
0
0
0
0
0
0
0
0
0
0
0
0
0
0
0
0
0
0
0
0
0
0
0
0
0
0
0
0
0
0
0
0
0
0
0
0
0
0
0
0
0
0
0
0
0
0
0
0
0.0006668638
0.0037021113
0.009031858
0.0085991295
0.0036615252
0.002441874
0
0
0
0
0
0
0
0
0.000928722
0.015847545
0.03211984
0.051871873
0.06571284
0.047926668
0.061276533
0.06655338
0.12347818
0.12914786
0.15342796
0.12809482
0.12122988
0.123550236
0.10776713
0.1759887
0.24045277
0.16855098
0.11620096
0.14200537
0.1681288
0.23476258
0.27282003
0.2506977
0.17735131
0.1664234
0.11881595
0.14829439
0.211231
0.2384305
0.21996036
0.18032247
0.16597806
0.18251388
0.23899397
0.23506166
0.24463801
0.23910634
0.21373591
0.20148492
0.21389365
0.21805967
0.2163472
0.25045425
0.27525
0.3068294
0.32729396
0.31224787
0.31039238
0.3058122
0.31244344
0.32889518
0.3609214
0.37359983
0.34070528
0.3584072
0.36086172
0.35633293
0.34257835
0.32705003
0.35220984
0.36001688
0.3424865
0.291488
0.15423645
0.2058724
0.35931224
0.5370292
0.3466805
0.40619147
0.54480577
0.5304532
0.42135006
0.5123904
0.45696336
0.4276241
0.53001755
0.65774965
0.66929054
0.85737497
0.85737497
0.7791704
0.7205432
0.54267436
0.6931999
0.8299296
0.85737497
0.8562853
0.81530243
0.78888035
0.7641381
0.44295794
0.36747035
0.36078623
0.3885382
0.3981283
0.4503873
0.41608486
0.36608264
0.47165835
0.43350562
0.45755276
0.2915062
0.1703003
0.24814247
0.20628574
0.27481073
0.22902107
0.2017395
0.2998205
0.32141188
0.20043808
0.1378906
0.12216765
0.1609746
0.19643039
0.16755347
0.12140139
0.09566098
0.24319015
0.25771937
0.2774301
0.2546489
0.19348907
0.103937715
0.10977737
0.16815196
0.23886241
0.16035788
0.16103856
0.18819103
0.13099438
0.15180348
0.19303669
0.16913077
0.1571945
0.11269716
0.09808873
0.20908251
0.1703021
0.09951678
0.13885893
0.19091266
0.12812905
0.10715948
0.14558096
0.074426875
0.076784536
0.080716856
0.041776642
0.044854533
0.06919418
0.080141455
0.08495663
0.1382438
0.17636393
0.06279525
0.022266766
0.006442394
0.034050614
0.05706338
0.08523096
0.06646231
0.032815274
0.049997754
0.11930844
0.054443568
0.019571425
0.044761617
0.055529084
0.07708023
0.080520675
0.09072551
0.054245297
0.054559425
0.028304674
0.03895665
0.053164337
0.043816775
0.0138594415
0.0135387825
0.036535107
0.056502927
0.07482043
0.065601975
0.047090407
0.031576004
0.01322441
0.010726331
0.03151258
0.01644135
0.010332765
0.00468967
0.0024178752
0.010382281
0.020174755
0.030794853
0.03111309
0.029382264
0.05322502
0.05597762
0.06198954
0.060427286
0.026428342
0.021684136
0.010780829
0.022501782
0.012326163
0.02464724
0.0038206428
0.03046681
0.13562633
0.12789571
0.12865643
0.14241703
0.1743586
0.1771189
0.19960955
0.24040124
0.21530639
0.22228892
0.19111261
0.2040173
0.21955259
0.20469274
0.22395428
0.25076813
0.24002069
0.26238188
0.23969872
0.19817409
0.21142837
0.20349933
0.17116626
0.18561417
0.20120019
0.22149196
0.2529994
0.23302422
0.2011629
0.20102894
0.22854726
0.22163297
0.21816894
0.2218445
0.25936776
0.30736572
0.32890168
0.35941768
0.36470935
0.3945235
0.39614627
0.43201813
0.50303835
0.5646193
0.6034529
0.55450594
0.47595355
0.42655635
0.34680727
0.2789127
0.28879076
0.4446436
0.57103646
0.58970404
0.58442456
0.65886796
0.68424875
0.63137054
0.5553297
0.65006477
0.7584571
0.6559599
0.8442083
0.85737497
0.85737497
0.65808576
0.7408319
0.85737497
0.85737497
0.85737497
0.85737497
0.85737497
0.85737497
0.80044603
0.85737497
0.8028545
0.82218254
0.85737497
0.8168681
0.8554827
0.85737497
0.85737497
0.85737497
0.85737497
0.7264125
0.73230785
0.8326571
0.8336093
0.85737497
0.85737497
0.85737497
0.77683735
0.85737497
0.7478552
0.7485221
0.70691985
0.79526675
0.85737497
0.85737497
0.80534375
0.83574855
0.85737497
0.85737497
0.85737497
0.85737497
0.8055123
0.4945566
0.450218
0.28211725
0.3943473
0.3492988
0.34796768
0.36413026
0.37530038
0.31440896
0.3333323
0.33151513
0.27835155
0.25796694
0.1947875
0.28755316
0.35381135
0.30759037
0.24924771
0.3332221
0.37456527
0.354277
0.31004733
0.3515812
0.38838002
0.35298875
0.34405336
0.35656467
0.31291068
0.2866896
0.26902232
0.28001004
0.21540384
0.21257849
0.2716567
0.2772049
0.3182962
0.33395746
0.28922626
0.21808845
0.26520446
0.2621713
0.25639206
0.17709641
0.16090955
0.17367747
0.14160568
0.15673755
0.2457551
0.2614924
0.19532478
0.18379588
0.17724718
0.12393579
0.10269122
0.09298985
0.072316855
0.08717711
0.08543013
0.08710094
0.07945091
0.059325054
0.059957452
0.065467946
0.078139216
0.080288455
0.10086702
0.08599929
0.09301741
0.07031921
0.08851676
0.10905115
0.1026982
0.09003762
0.05693618
0.026128586
0.04547311
0.025241362
0.027099065
0.04420206
0.024378914
0.022939768
0.034810517
0.05322809
0.037105847
0.016340394
0.0323007
0.02767653
0.040710934
0.032170817
0.02433874
0.016894229
0.025037892
0.044653807
0.05326658
0.05075403
0.063377514
0.0628206
0.065683104
0.080914326
0.07159146
0.04356255
0.019985517
0.013457256
0.016712124
0.11070697
0.32696986
0.34525287
0.3543846
0.34236625
0.4060082
0.39410856
0.40686354
0.32340798
0.25684923
0.2576876
0.26001424
0.23602456
0.24263765
0.22647195
0.20725764
0.22155713
0.28727555
0.3150719
0.32716793
0.37670258
0.3606072
0.3217222
0.31921288
0.27309456
0.22725002
0.21143964
0.16031767
0.19199501
0.27325723
0.2554258
0.31815127
0.4359522
0.44574606
0.39964554
0.36796448
0.34901986
0.3913138
0.4346148
0.46059644
0.488431
0.5275653
0.49477413
0.44038144
0.37948352
0.42183828
0.45747685
0.45673552
0.44562134
0.47489592
0.44739866
0.4372308
0.45668656
0.55929834
0.46553025
0.4504581
0.4433124
0.42279938
0.44341138
0.4799629
0.4781984
0.43412104
0.35974643
0.3618246
0.39037427
0.47207195
0.5275908
0.54745543
0.5448425
0.47474745
0.4667918
0.46505785
0.47463587
0.48448604
0.4293641
0.46866792
0.5010076
0.6177495
0.657411
0.54045194
0.42671305
0.50132316
0.58772045
0.6921882
0.6204228
0.77619565
0.79664737
0.85737497
0.6524863
0.85737497
0.73704845
0.7397403
0.85737497
0.7522516
0.62781686
0.5353326
0.8221892
0.8449956
0.85737497
0.85737497
0.85737497
0.85737497
0.85737497
0.85737497
0.39183706
0.7881333
0.8299903
0.5767228
0.5324477
0.546021
0.67731774
0.61005574
0.85737497
0.8084615
0.85326415
0.85737497
0.830184
0.6752529
0.66474414
0.8345179
0.85737497
0.85737497
0.85737497
0.85737497
0.57136303
0.85737497
0.85737497
0.85737497
0.85737497
0.85737497
0.85737497
0.85737497
0.53990275
0.85737497
0.7102831
0.85737497
0.85737497
0.85737497
0.85737497
0.7560608
0.66905564
0.6741914
0.7437704
0.28251058
0.6226356
0.5408341
0.44229943
0.4944784
0.5108479
0.4470961
0.54398817
0.5165964
0.4597512
0.5197805
0.46514472
0.48387316
0.46668488
0.49365574
0.4167999
0.41595814
0.3010839
0.28039697
0.32444534
0.3427106
0.44251147
0.4204704
0.63363814
0.48103905
0.44117916
0.42539424
0.5104765
0.5072188
0.4904922
0.4806561
0.6372028
0.66302264
0.6612689
0.6518504
0.68375957
0.7024331
0.68517435
0.5120147
0.49955285
0.50489163
0.37669414
0.33360177
0.20850553
0.22632648
0.2893158
0.3694662
0.4942358
0.5431151
0.6450222
0.62668467
0.61892545
0.7266548
0.83536726
0.85737497
0.85737497
0.81065756
0.85737497
0.77749676
0.85737497
0.6529481
0.701531
0.72383046
0.80680555
0.74796295
0.5925072
0.62233657
0.71396875
0.62632465
0.42923567
0.3419731
0.4865344
0.514402
0.58430094
0.7606232
0.8013837
0.85737497
0.7718242
0.2885905
0.10540346
0.1485811
0.15249169
0.08788351
0.11549079
0.1496294
0.124804765
0.074033156
0.16242608
0.05425777
0.037817907
0.05704034
0.08759957
0.053093366
0.056354582
0.055558335
0.052010845
0.059471913
0.05705965
0.058108885
0.031762086
0.08255798
0.061397985
0.061361715
0.063288316
0.04009828
0.04086254
0.03462559
0.056624066
0.025807612
0.010017042
0.008659172
0.024331732
0.022458313
0.013403567
0.037766267
0.008144867
0.02786505
0.014236324
0.0155075295
0.0073803933
0.018453177
0.024550013
0.020182328
0.027613094
0.028023925
0.011277971
0.0113165025
0.009075664
0.015433837
0.024398174
0.007269554
0.008422571
0.012142914
0.018035915
0.0044453433
0.0051653115
0.0026986846
0.008019702
0.007540168
0.004617272
0.006920444
0.00311109
0.0022613222
0.0068348544
0.0113253
4.0837826E-05
0.0010566576
0.002588419
0.0044458252
0
0
0.0010429486
0.00078954827
0.00049763295
0
0
0
2.7768212E-07
0
0.00014955162
0
0
0
9.441044E-05
0.0008448022
0
0
0
0
0
0
0
0
0
0
0
0
0
0
0
0
0
0
0
0
0
0
0
0
0
0
0
0
0
0
0
0
0
0
0
0
0
0
0
0
0
0
0
0
0
0
0
0
0
0
0
0
0
0
0
0
0
0
0
0
0
0
0
0
0
0
0
0
0
0
0
0
0
0
0
0
0.000720255
0.004448466
0.002537587
0.0021314695
0.0013873687
0
0
0
0
0
0
0
0.0032217514
0.03205673
0.08678991
0.15324625
0.19448555
0.2555504
0.33138454
0.34619915
0.3425142
0.3827806
0.41859752
0.4500946
0.4322697
0.45986927
0.5066154
0.5159329
0.456135
0.5523258
0.64261127
0.6103844
0.664997
0.6705072
0.6676776
0.69647247
0.7551689
0.79345006
0.7995359
0.736309
0.712179
0.7672973
0.82312167
0.6804972
0.5993294
0.56303334
0.61274564
0.36947364
0.5142729
0.5399438
0.5941055
0.3862826
0.4992913
0.45029166
0.6188887
0.6417225
0.5474929
0.67140543
0.58061665
0.37593007
0.19843338
0.36472213
0.6865038
0.40035954
0.31108433
0.33866274
0.2743141
0.47023076
0.44526133
0.46724558
0.36798248
0.44125408
0.53481877
0.5062345
0.5181875
0.36711943
0.4523054
0.578064
0.61377954
0.57423437
0.32642353
0.42929685
0.5115693
0.56258833
0.61847043
0.53636265
0.3861875
0.45208618
0.49250782
0.554307
0.5224521
0.39553913
0.36297974
0.40578514
0.5027498
0.65413916
0.59051466
0.57021624
0.5332683
0.3796823
0.35668787
0.3930212
0.48791772
0.61284935
0.66786337
0.6530642
0.58099604
0.48595393
0.5284694
0.5813747
0.58337355
0.53383285
0.5013258
0.49190804
0.66304624
0.72634006
0.74271125
0.7260974
0.6986964
0.58703715
0.6256233
0.8177517
0.85737497
0.8171105
0.85737497
0.7138269
0.65693897
0.7516141
0.7984709
0.85737497
0.85737497
0.85737497
0.84083515
0.83115673
0.85737497
0.85737497
0.85737497
0.85737497
0.85737497
0.85737497
0.85737497
0.85737497
0.85737497
0.85737497
0.85737497
0.85737497
0.663952
0.78925747
0.85737497
0.85737497
0.85737497
0.85737497
0.85737497
0.85737497
0.85737497
0.85737497
0.85737497
0.85737497
0.85737497
0.85737497
0.85737497
0.85737497
0.85737497
0.85737497
0.85737497
0.85737497
0.85737497
0.85737497
0.85737497
0.85737497
0.85737497
0.85737497
0.85737497
0.85737497
0.85737497
0.85737497
0.85737497
0.85737497
0.85737497
0.85737497
0.85737497
0.85737497
0.85737497
0.85737497
0.85737497
0.85737497
0.85737497
0.85737497
0.85737497
0.85737497
0.83949286
0.85737497
0.85737497
0.85737497
0.85737497
0.85737497
0.85737497
0.85737497
0.85737497
0.85737497
0.85532594
0.85737497
0.85737497
0.85737497
0.85737497
0.85737497
0.85737497
0.85737497
0.85737497
0.85737497
0.85737497
0.85737497
0.85737497
0.85737497
0.85737497
0.85737497
0.85737497
0.85737497
0.85737497
0.85737497
0.85737497
0.85737497
0.85737497
0.85737497
0.85737497
0.85737497
0.85737497
0.85737497
0.85737497
0.85737497
0.85737497
0.85737497
0.85737497
0.85737497
0.85737497
0.85737497
0.85737497
0.85737497
0.85737497
0.85737497
0.85737497
0.85737497
0.85737497
0.85737497
0.85737497
0.85737497
0.85737497
0.85737497
0.85737497
0.85737497
0.85737497
0.85737497
0.5631954
0.57790107
0.6288674
0.55632794
0.52940834
0.48848486
0.48564425
0.55899775
0.37046537
0.39068916
0.23231345
0.4623388
0.40774372
0.5307247
0.53637815
0.43563065
0.38161942
0.3920404
0.53321683
0.48252776
0.33494934
0.39036977
0.35593373
0.3668696
0.29327765
0.24809414
0.23901193
0.10599718
0.1258526
0.19438843
0.14715521
0.13030909
0.18799898
0.23598865
0.17879413
0.13611665
0.20647831
0.17365183
0.18103781
0.08647388
0.044612933
0.14647716
0.11351176
0.22203176
0.12681426
0.24281964
0.1250454
0.09177006
0.073621005
0.08132359
0.15041885
0.19420433
0.14975408
0.063204885
0.08037608
0.18510354
0.04870202
0.12798882
0.117657036
0.066770904
0.18542774
0.1819652
0.109400794
0.06786713
0.059488814
0.08100946
0.048905466
0.030557455
0.095958374
0.041233093
0.067869194
0.082303435
0.06635328
0.036228962
0.05697179
0.023140347
0.026814144
0.024656659
0.02903198
0.018662512
0.029827397
0.033765424
0.02822668
0.041568734
0.058898553
0.04823485
0.028399277
0.014685816
0.02250941
0.023052812
0.020545604
0.0009008234
0.009037043
0.01615619
0.009171208
0.034271263
0.00056632305
0.00076214253
0.010162254
0.0067555187
0.007317741
0.006306565
0.0052010524
0.009484922
0.0020582972
9.3760056E-05
0.0019050994
0.0018913778
0.0031325617
0.002165337
0.006463603
0.0016399305
0.003986807
0
0.0021126452
0.008020277
0
0.0010698844
0.002401149
0
0.00013980422
0
0
0
0
0
0
0
0
0
0
0
0
0
0
0
0
0
0
0
0
0
0
0
0
0
0
0
0
0
0
0
0
0
0
0
0
0
0
0
0
0
0
0
0
0
0
0
0
0
0
0
0
0
0
0
0
0
0
0
0
0
0
0
0
0.0043295817
0.023084136
0.0339474
0.061435744
0.122308604
0.14039823
0.22405055
0.19996874
0.19106013
0.19580811
0.22321692
0.23014261
0.2494345
0.2118911
0.1851284
0.2749599
0.3884153
0.33037683
0.31933072
0.27221796
0.3136419
0.36162806
0.33078307
0.31840393
0.29272842
0.27991796
0.22483264
0.20616049
0.25428346
0.2747411
0.20267992
0.14547075
0.18113418
0.15982765
0.18024653
0.1869828
0.23388419
0.20794705
0.19304086
0.22395311
0.23213483
0.19658007
0.13393992
0.1153358
0.14916992
0.13834713
0.107880406
0.10647721
0.100579716
0.11643612
0.17042613
0.19042662
0.14718057
0.1330312
0.13622406
0.13750125
0.13786837
0.14381781
0.11851683
0.06577208
0.04182168
0.033409674
0.01825616
0.018852621
0.03543419
0.046111714
0.057842985
0.09641694
0.12903473
0.11178303
0.09508619
0.065568365
0.041922998
0.03606161
0.03103131
0.021231966
0.017051116
0.0307146
0.029580286
0.024556993
0.02935669
0.0182862
0.026499685
0.021288903
0.015339188
0.0054820077
0.008315718
0.012357014
0.017854534
0.021679996
0.01683007
0.010798515
0.011004868
0.0043621934
0
0.00062099315
3.304913E-05
0.0057868115
0.0063274424
0.005973429
0.0035807542
0.004524697
0.006560719
0.0011998607
0.008404958
0.016290214
0.010381853
0.00607742
0.0023802405
0.00095820794
5.449918E-05
0
0.00021463813
0.00013807765
3.1108597E-05
0
0
0.00032196147
0
0
3.795807E-05
0
0
0
0
0
0
0
0
0
0
0
0
0
0
0
0
0
0
0
0
0
0
0
0
0
0
0
0
0
0
0
0
0
0
0
0
0
0
0
0
0
0
0
0
0
0
0
0
0
0
0
0
0
0
0
0
0
0
0
0
0
0
0
0
0
0
0
0
0
0
0
0
0
0
0
0
0
0
0
0
0
0
0
0
0
0
0
0
0
0
0
0
0
0
0
0
0
0
0
0
0
0
0
0
0
0
0
0
0
0
0
0
0
0.007575164
0.026683494
0.04485646
0.057233468
0.06796455
0.03589275
0.03810393
0.044317424
0.06768687
0.038897153
0.0320373
0.046892755
0.046387672
0.07139903
0.11313164
0.14617081
0.17697796
0.21151203
0.227921
0.2257956
0.26797447
0.3021688
0.2899059
0.2449959
0.23290929
0.27385285
0.2978257
0.27300623
0.29620633
0.33337396
0.32636407
0.26890174
0.2553467
0.22853541
0.26592517
0.26532313
0.29605064
0.31654426
0.34642327
0.38095322
0.30012962
0.2881907
0.31042713
0.30995095
0.24842414
0.25821322
0.26397762
0.254304
0.32827735
0.36194128
0.30995333
0.30996713
0.33029878
0.43826872
0.4001328
0.33864906
0.32568738
0.38313124
0.38758358
0.3591106
0.3865154
0.3453131
0.32997924
0.41464454
0.4217416
0.4661668
0.4842192
0.51674426
0.5671611
0.44156513
0.51792365
0.59094167
0.81670266
0.85737497
0.85737497
0.80774605
0.85737497
0.7900658
0.7818332
0.85737497
0.85737497
0.80578196
0.67924774
0.52133
0.50413245
0.55013067
0.4728359
0.5777407
0.54798687
0.6309874
0.5535335
0.664782
0.7039134
0.83868897
0.8034153
0.6653191
0.68208575
0.64782566
0.60072905
0.5953312
0.6539571
0.6829801
0.85737497
0.85737497
0.71347207
0.8003398
0.8368815
0.55587536
0.5833142
0.4809724
0.46263263
0.36702067
0.38941532
0.19022024
0.23272513
0.26990935
0.17587286
0.23826814
0.18462315
0.27532595
0.3167072
0.34553364
0.3158473
0.2701049
0.24877873
0.32682556
0.26456493
0.16860864
0.2565529
0.24043645
0.18965015
0.19173154
0.24824683
0.21661745
0.21476138
0.21221282
0.1802126
0.16529126
0.21908101
0.22210078
0.1373395
0.14290552
0.12148793
0.10472995
0.12401481
0.14847608
0.124514304
0.15210992
0.13547528
0.09887479
0.087211974
0.08177049
0.09773326
0.08587125
0.13568462
0.15558209
0.13290235
0.15138024
0.1789116
0.2159472
0.25396398
0.24500126
0.24752356
0.27837083
0.31636074
0.35814688
0.39060247
0.39289594
0.41284937
0.41358805
0.4265043
0.44192323
0.42385116
0.41675657
0.41586468
0.39307895
0.37374017
0.23351818
0.2938826
0.3129663
0.21505311
0.18527627
0.19032979
0.20879404
0.14540552
0.18893307
0.18612783
0.16714576
0.17170125
0.09538418
0.08824691
0.09247232
0.12493531
0.11085231
0.1596344
0.11301642
0.099885345
0.06667603
0.15164858
0.08445194
0.101624094
0.09082016
0.11781849
0.08323641
0.09384131
0.068684936
0.11379574
0.07246144
0.06747855
0.07145919
0.03445518
0.086279646
0.063089795
0.06720778
0.07012474
0.05519027
0.032803662
0.03755897
0.027047798
0.05730765
0.037988998
0.036366213
0.024571134
0.02109065
0.03419444
0.02047472
0.018760545
0.017301837
0.025418386
0.013064164
0.0054041115
0.019360157
0.018412339
0.019991217
0.003965573
0.008429105
0.0036165009
0.00027370936
0.004103611
0.0023568943
0.0017334995
0.0017084285
0.002264821
0.0008161855
0.0030558626
0.00589205
0.0034031968
0.0013869877
2.6310861E-05
0
0
0.0005375583
0.0016499537
0.00014583042
0.0041119643
0.0005542782
8.06776E-05
0
9.173111E-05
0.0004599203
0.00023920227
0.001123699
0
0.00018285017
0
0
0
0
0
0
0
0
0
0
0
0
0
0
0
0
0
0
0
0
0
0
0
0
0
0
0
0
0
0
0
0
0
0
0
0
0
0
0
0
0
0
0
0
0
0
0
0
0
0
0
0
0
0
0
0
0
0
0
0
0
0
0
0
0
0
0
0
0
0
0
0
0
0
0
0
0
0
0
0
0
0
0
0
0
0
0
0
0
0
0
0
0
0
0
0
0
0
0
0
0
0
0
0
0
0
0
0
0
0
0
0
0
0
0
0
0
0
0
0
0
0
0
0
0
0
0
0
0
0
0
0
0
0
0
0
0
0
0
0
0
0
0
0
0
0
0
0.0031790752
0.015032083
0.033367015
0.04506285
0.042571146
0.049332876
0.030168863
0.030791428
0.026554972
0.0052629854
0.0005114902
0
0
0.0012824471
0.010785591
0.01903496
0.08710386
0.1758721
0.15398198
0.11958208
0.15898521
0.24019676
0.22692332
0.22235897
0.26328012
0.28846386
0.25449756
0.3314947
0.35869363
0.38633436
0.4314211
0.42314985
0.4191759
0.42451927
0.4321134
0.42391512
0.41934133
0.44729024
0.44089818
0.45922148
0.4114431
0.4486116
0.47075874
0.42479777
0.35892707
0.31227484
0.34939182
0.3241851
0.3082213
0.31691337
0.36191288
0.3212203
0.37990862
0.43993714
0.43664914
0.38974485
0.34900683
0.3132296
0.33867908
0.38301212
0.4139567
0.3571033
0.36774588
0.33076182
0.2889556
0.26626045
0.32108465
0.33889505
0.26526546
0.253017
0.3380797
0.3944264
0.40643808
0.39254183
0.5048457
0.6747062
0.6902448
0.85737497
0.85737497
0.85737497
0.85737497
0.85737497
0.85737497
0.85737497
0.6244875
0.85737497
0.85737497
0.85737497
0.85737497
0.85737497
0.85737497
0.78783673
0.85737497
0.85737497
0.85737497
0.5579588
0.77138484
0.83315486
0.85737497
0.85737497
0.85737497
0.85737497
0.85737497
0.85737497
0.80282044
0.85737497
0.56347674
0.85737497
0.56397754
0.85533684
0.5964776
0.6926793
0.6829124
0.7451069
0.85737497
0.85737497
0.85737497
0.85737497
0.85737497
0.85737497
0.85737497
0.82586396
0.85737497
0.6935284
0.85737497
0.81550086
0.71215457
0.42020407
0.47981897
0.8377459
0.6597224
0.58578336
0.85737497
0.85737497
0.85737497
0.85737497
0.85737497
0.85737497
0.85737497
0.85737497
0.85737497
0.85737497
0.85737497
0.85737497
0.85737497
0.84634453
0.4928326
0.695388
0.70830953
0.5944892
0.39071125
0.36161834
0.30419877
0.3370978
0.3608953
0.21844947
0.34677848
0.40405646
0.38553685
0.52788186
0.23141675
0.15267107
0.1817972
0.15610391
0.19683523
0.1586249
0.14477535
0.19018845
0.09100589
0.08237684
0.1059156
0.08255623
0.10436267
0.118170686
0.21788906
0.07934238
0.12860881
0.101951614
0.14259376
0.19252096
0.06321673
0.06041637
0.12737769
0.12644677
0.093688466
0.034814943
0.04599131
0.046834823
0.033851575
0.035691824
0.09080193
0.06316875
0.063622564
0.038564626
0.043156676
0.101153016
0.059999112
0.07115379
0.036481004
0.031471193
0.02973631
0.016771976
0.022099528
0.012808813
0.005814601
0.005216575
0.024718547
0.0084412275
0.015705325
0.016151318
0.011631033
0.020264579
0.016532388
0.03340821
0.046551935
0.05460677
0.06346372
0.05879643
0.05116534
0.045016382
0.036453687
0.034627363
0.022000115
0.0017867467
0.003829165
0.0016358442
0.011337584
0.007707319
0.02865644
0.11875502
0.123113886
0.15357892
0.20591377
0.2022335
0.20365658
0.24111634
0.28816092
0.3235591
0.32502836
0.36214373
0.41159773
0.38977033
0.4411974
0.4708704
0.43893123
0.4717128
0.44331098
0.45906812
0.44794667
0.41400316
0.3977911
0.3768337
0.36950028
0.39247948
0.35528472
0.3089146
0.3339192
0.32515475
0.4225476
0.4440898
0.41157106
0.37859625
0.40458086
0.40871802
0.49346137
0.5365604
0.44025272
0.53460884
0.54655045
0.48741683
0.5778704
0.669929
0.5987247
0.5220863
0.7575085
0.8369959
0.79086274
0.6630431
0.6225815
0.6937179
0.7757843
0.73883355
0.78555113
0.58725035
0.85737497
0.85737497
0.7087275
0.70092785
0.7179543
0.81372136
0.85737497
0.648997
0.85737497
0.85737497
0.85737497
0.66929454
0.6185483
0.85737497
0.85737497
0.81926614
0.85737497
0.85737497
0.85737497
0.85737497
0.85737497
0.85737497
0.85737497
0.85737497
0.7521433
0.6358938
0.5819486
0.5795283
0.5460864
0.629009
0.5984627
0.603987
0.5029501
0.8222835
0.76975185
0.7791117
0.85737497
0.85737497
0.85737497
0.5595887
0.6918457
0.8419269
0.8075908
0.82416683
0.8403885
0.85737497
0.85737497
0.85737497
0.85737497
0.85737497
0.85737497
0.5992633
0.85737497
0.7418832
0.5985595
0.81113887
0.50828266
0.64350104
0.60132086
0.48930463
0.85737497
0.85737497
0.85737497
0.85737497
0.85737497
0.78511775
0.5635834
0.85737497
0.6177035
0.85737497
0.85737497
0.684939
0.787058
0.72974986
0.6853891
0.44939238
0.5459981
0.62147903
0.58841604
0.43073356
0.43554196
0.36372456
0.42568392
0.32299387
0.23544365
0.30382526
0.4798758
0.2887227
0.28755102
0.2925439
0.453783
0.5201239
0.24971329
0.21963891
0.38608715
0.28068507
0.38317972
0.30085772
0.4232505
0.5871513
0.42885628
0.56884116
0.58309543
0.450615
0.74749744
0.44658864
0.69131297
0.57636315
0.66285294
0.5247357
0.5784255
0.5417557
0.6102788
0.6196158
0.66325957
0.7110433
0.5478271
0.49911615
0.6905915
0.6095932
0.4466602
0.31517553
0.58996916
0.6769772
0.5329437
0.60459334
0.6861742
0.6704095
0.46166816
0.47877696
0.5364997
0.68454015
0.670502
0.6171083
0.67475545
0.7095702
0.758033
0.7587881
0.62120444
0.6820313
0.6122305
0.665883
0.66186893
0.6297454
0.58009845
0.48584646
0.5072277
0.48625365
0.41417223
0.3933212
0.40934312
0.3461345
0.3853926
0.3717909
0.24442126
0.18497153
0.15530412
0.13886903
0.102759786
0.167748
0.15378666
0.10640066
0.11323574
0.18005422
0.31887862
0.3116896
0.25542346
0.20167239
0.23358983
0.084888496
0.42424795
0.47000876
0.31557655
0.14740424
0.058566045
0.033728763
0.033348504
0.03679863
0.035190165
0.030252265
0.029980142
0.012553384
0.012111021
0.012364555
0.01784916
0.015295804
0.008773487
0.014675364
0.0149918385
0.0060307123
0.0077063604
0.009413743
0.0055287057
0.047288306
0.16170178
0.22321856
0.61758137
0.5270414
0.22331685
0.13715576
0.07037203
0.052402906
0.029965153
0.011131249
0.013485294
0.012231899
0.0089917295
0.0140652275
0.007495975
0.0056331675
0.013958309
0.010695709
0.008784015
0.008092529
0.010210875
0.0051614465
0.0055154916
0.004938383
0.0048712804
0.017853783
0.19680643
0.20883791
0.57467973
0.85737497
0.85737497
0.5529343
0.15997453
0.08313574
0.036335044
0.05312609
0.041160416
0.043244172
0.036593962
0.022557892
0.07271989
0.051117145
0.027518695
0.0064826324
0.03506722
0.033450514
0.01951937
0.03213318
0.012295067
0.004991448
0.008682466
0.0068843085
0.0334983
0.20628323
0.14609534
0.582482
0.7329701
0.6733361
0.67317396
0.71741444
0.6278982
0.7638852
0.7501041
0.85737497
0.85737497
0.85737497
0.8448825
0.85737497
0.800626
0.5391173
0.62196046
0.55712575
0.6478854
0.71481097
0.7059705
0.6504379
0.6136529
0.7358545
0.8362462
0.777441
0.7294556
0.79048556
0.8509961
0.8042993
0.81773025
0.85737497
0.8174126
0.70815426
0.63133854
0.60003406
0.68171734
0.5252341
0.59646696
0.496325
0.51481897
0.5300065
0.52134806
0.49922693
0.3807004
0.3691949
0.40000385
0.3206238
0.264118
0.30613613
0.21733856
0.1850728
0.23567063
0.20580696
0.18865271
0.20037849
0.23024298
0.27023965
0.21694504
0.2904939
0.29493615
0.33537173
0.34547442
0.35149306
0.40871644
0.3860019
0.41722307
0.4080903
0.39242008
0.36074963
0.39096946
0.38655615
0.35850874
0.36095092
0.3862464
0.43032643
0.4466793
0.44082505
0.40190724
0.3806111
0.2961609
0.26857245
0.2547223
0.22828157
0.28591952
0.29610035
0.26195097
0.25633508
0.2957285
0.24193239
0.27721772
0.23191473
0.27383143
0.24743345
0.20392153
0.1966106
0.24738033
0.1891581
0.1498101
0.2173034
0.20115755
0.20242372
0.23677133
0.20362875
0.18012239
0.19397093
0.15657134
0.17878059
0.16296573
0.161461
0.14576255
0.17379871
0.11712503
0.13281555
0.10034027
0.08818329
0.07875506
0.084382124
0.0953349
0.0752839
0.0447339
0.041195426
0.043989126
0.05307904
0.037081514
0.056158576
0.033803463
0.05846839
0.03490258
0.041119903
0.039962746
0.047422945
0.049835134
0.04640747
0.06905548
0.03535041
0.049099416
0.027842816
0.032238238
0.027033467
0.010202103
0.013604558
0.016929451
0.02000746
0.011873579
0.01939423
0.011600842
0.0054008453
0.0053905807
0.00419251
0.0073643466
0.0051409043
0.0050204117
0.0036769076
0.0023956539
0.0022997225
0.0023440076
0.001138324
0.0017197795
0.0015264128
0.0007744292
0
0.005228348
0.0024592846
0.0005944517
0.0018629914
0.0004918433
0
0
0
0
0
0
0
0
0.00022048301
0
0
0
0
0
0
0
0
0
0
0
0
0
0
0
0
0
0
0
0
0
0
0
0
0
0
0
0
0
0
0
0
0
0
0
0
0
0
0
0
0
0
0
0
0
0
0
0
0
0
0
0
0
0
0
0
0
0
0
0
0
0
0
0
0
0
0
0
0
0
0
0
0
0
0
0
0
0
0
0
0
0
0
0
0
0
0
0
0
0
0
0
0
0
0
0
0
0
0
0
0
0
0
0
0
0
0
0
0
0
0
0
0
0
0
0
0
0
0
0
0
0
0
0
0
0
0
0
0
0
0
0
0
0
0
0
0
0
0
0
0
0
0
0
0
0
0
0
0
0
0
0
0
0.23600781
0.8546286
0.84212846
0.48314008
0.43032092
0.36526132
0.34356517
0.22655044
0.2599248
0.17037272
0.14751679
0.114807166
0.08049617
0.062700875
0.072193876
0.075268574
0.058211353
0.04575681
0.037089873
0.040896036
0.036392286
0.033850033
0.07765736
0.36825988
0.4667319
0.4430597
0.31089044
0.30384701
0.21929626
0.23697191
0.16278425
0.10394592
0.05377552
0.06779515
0.044269983
0.033055115
0.036539078
0.023091173
0.026207035
0.03752764
0.029173255
0.028461447
0.08711425
0.3754753
0.47840282
0.3468272
0.23594417
0.2035372
0.13630916
0.1119778
0.078078754
0.08146429
0.052157994
0.04527163
0.038568556
0.037358727
0.034962077
0.040669233
0.02790073
0.021263659
0.031911694
0.016145308
0.0154608125
0.018039573
0.019043814
0.013694994
0.010209875
0.007651719
0.007735183
0.0035397357
0.0066505135
0.0015388352
0.0032179446
0.00200033
0.00023681266
0.0011349259
0.001232206
0.0002056695
2.1222313E-05
0
0
0.00039894707
0.00053861865
0.0012756495
0
0.00011190156
0
0
0
0
0
0
0
0
0
0
0
0
0
0
0
0
0
0
0
0
0.025820585
0.15562154
0.51311046
0.34108981
0.34253633
0.38234392
0.17941995
0.17960732
0.10479415
0.1080202
0.07466545
0.056223836
0.044549983
0.038165677
0.029428557
0.02391153
0.023909612
0.026686948
0.01752367
0.01947595
0.021464359
0.035310097
0.124290854
0.32654858
0.30962187
0.23776455
0.2807051
0.1336254
0.14138104
0.108522445
0.08958233
0.043617252
0.031555977
0.024097176
0.027949717
0.014784322
0.022896148
0.01299027
0.009807365
0.008513055
0.007167211
0.07028071
0.17272568
0.32233152
0.28887105
0.31049517
0.28340694
0.11403163
0.09933168
0.07051524
0.042512473
0.051372588
0.0375613
0.0302071
0.026204668
0.016998928
0.020330755
0.016233388
0.0088745095
0.016373716
0.010940909
0.011221238
0.015735038
0.012255347
0.006556902
0.008091431
0.0037288298
0.0033236102
0.0036362684
0.0062059867
0.003680195
0.0054240776
0.0026100716
0.0012731726
0.0018100062
0.0013579258
0.000106682426
3.8154423E-05
1.4373492E-05
0
0
0.00044270325
0
0
0
5.785669E-05
0.0004578515
0
0
0
0
0
0
0
0
0
0
0
0
0
0
0
0
0
0
0
0.063386366
0.47317082
0.64563847
0.51189065
0.39463723
0.3313977
0.16440558
0.16086142
0.13332959
0.13420197
0.08655154
0.06994893
0.056123503
0.042794723
0.034275424
0.024937285
0.024564615
0.017055962
0.017972173
0.01721704
0.023945782
0.02927773
0.11841751
0.18667386
0.1894345
0.15194936
0.15809536
0.11686735
0.07866334
0.069759496
0.04869703
0.033163514
0.02512
0.016665895
0.017208664
0.013060984
0.01152464
0.013515718
0.0073069767
0.003583653
0.0053676753
0.048612066
0.13718832
0.29323965
0.2362863
0.1670005
0.18569572
0.09904254
0.07477689
0.061097775
0.042502772
0.031509884
0.018675713
0.016105715
0.015499915
0.017915854
0.015735786
0.007150757
0.011348151
0.010556948
0.010641997
0.008128464
0.0077342154
0.0039998586
0.0031906485
0.0029974356
0.002088914
0.000779603
0.0025330684
0.002193511
8.523576E-07
0.00025703
6.711418E-05
0.00017030373
3.744564E-05
0
0
0
0
0
0
0
0
4.865591E-05
0
0
0
0
0
0
0
0
0
0
0
0
0
0
0
0
0
0
0
0
0
0
1.7413367E-05
0.000147327
0
0
0.024037657
0.033478126
0.02911858
0.026883673
0.033130113
0.044987727
0.046822187
0.057339814
0.060994443
0.06753253
0.08228701
0.07550469
0.08727073
0.08847824
0.09251785
0.10953867
0.09525561
0.09698397
0.08076784
0.07394078
0.077675514
0.09031097
0.09884287
0.07619515
0.06350345
0.066298
0.071818046
0.07581663
0.06895835
0.08198569
0.102711
0.08887675
0.09568438
0.11302082
0.12293988
0.14589313
0.14558196
0.14955029
0.1364851
0.15793931
0.15640649
0.15291908
0.15161943
0.1515823
0.14382613
0.15907823
0.17779689
0.17937632
0.16806538
0.17973955
0.15605652
0.16539094
0.16756617
0.15100896
0.16706401
0.19063304
0.18963088
0.18781546
0.2065681
0.18269014
0.18574657
0.23144291
0.2866767
0.33377245
0.35609
0.32977122
0.32042092
0.3079998
0.30898118
0.336364
0.320964
0.35419318
0.38440084
0.40070203
0.4187851
0.46795547
0.42864162
0.35319442
0.35187042
0.43587658
0.42325327
0.5419186
0.54702455
0.50092196
0.53064924
0.54963094
0.5561794
0.4868354
0.50975823
0.67635816
0.6916666
0.6211193
0.42801952
0.549316
0.49708453
0.3918578
0.34462374
0.33604318
0.4388086
0.36745822
0.32692626
0.43160287
0.30300367
0.26987672
0.24826084
0.2266448
0.23992874
0.23301704
0.19610052
0.1792966
0.20518076
0.24076994
0.2444708
0.22827108
0.22962219
0.24683665
0.24217129
0.2157914
0.16678649
0.2407598
0.28258207
0.2860746
0.27084088
0.24388482
0.267821
0.37234104
0.37968048
0.33298984
0.27784485
0.2378796
0.19534779
0.21756807
0.30088943
0.3138015
0.27100733
0.21297117
0.24302238
0.28865662
0.37558553
0.4131495
0.37946457
0.30691063
0.31034267
0.3313316
0.3310702
0.36181018
0.34713033
0.32546476
0.31067762
0.29935405
0.31308612
0.31250572
0.30084774
0.3064132
0.3094422
0.27882648
0.2636221
0.29384035
0.33417657
0.33832085
0.3739097
0.34141782
0.32508147
0.3944816
0.42675295
0.37756103
0.32734743
0.3087148
0.29590318
0.30691952
0.3515662
0.3679778
0.3931684
0.40957454
0.36945978
0.3697562
0.3443742
0.40652844
0.41979578
0.41084883
0.45381874
0.43206134
0.41519895
0.4051883
0.37209007
0.37179497
0.3665192
0.40055168
0.38558766
0.35449564
0.36539337
0.43156463
0.4351503
0.43320757
0.3933947
0.43679404
0.4358428
0.39820012
0.51909703
0.6378025
0.5919636
0.5111176
0.5112305
0.50024354
0.41800746
0.49401724
0.53827035
0.48318103
0.5087779
0.49325877
0.4300771
0.45116696
0.45331517
0.4242309
0.42543814
0.34764874
0.33917195
0.35670334
0.37991163
0.4379479
0.45401198
0.3969047
0.3559124
0.46886775
0.4704361
0.47381935
0.39025044
0.3961806
0.39996746
0.41010225
0.3242837
0.45070785
0.44692433
0.43608817
0.43233383
0.53420484
0.38833198
0.4298078
0.398071
0.47793677
0.5225121
0.3392175
0.5156031
0.42232198
0.41105923
0.43488294
0.381162
0.35881507
0.47982636
0.45794892
0.3514351
0.37046015
0.4638849
0.47329706
0.41305768
0.42973316
0.48118016
0.43177152
0.46382612
0.4204617
0.40362754
0.3886409
0.48135066
0.43945977
0.34976733
0.34159887
0.38645425
0.47184804
0.3911518
0.35856998
0.3252686
0.36575145
0.43199423
0.37940207
0.3860935
0.39860365
0.4189158
0.38622582
0.41294584
0.4213547
0.34294507
0.37440172
0.3539868
0.37630162
0.35456675
0.3555708
0.39251634
0.399004
0.36030275
0.27692905
0.2980903
0.3519006
0.4081786
0.3974332
0.43659258
0.4550259
0.36926892
0.48689452
0.45944533
0.5051684
0.4515192
0.46860513
0.49694535
0.39039335
0.48613745
0.44192088
0.42821854
0.379697
0.44142407
0.45225188
0.37199765
0.37414
0.39686882
0.37641266
0.37574154
0.34025156
0.33134696
0.34965232
0.42572486
0.36163223
0.38326505
0.37476856
0.38720572
0.31718832
0.34673953
0.32162735
0.35154098
0.31814373
0.33450294
0.31708893
0.31630206
0.37071326
0.45810705
0.39647552
0.3450868
0.354201
0.32539162
0.33691093
0.33294177
0.37159562
0.4086823
0.39343613
0.3296606
0.36358312
0.34718677
0.33445558
0.3135755
0.31815276
0.34442797
0.34621525
0.32339796
0.37320355
0.42371485
0.3741908
0.32389742
0.38441628
0.41920778
0.39591742
0.36381486
0.36456904
0.33665413
0.3143545
0.29937798
0.2945806
0.37648648
0.38854742
0.3663988
0.37300384
0.366643
0.34028393
0.31150052
0.31302392
0.34991106
0.3868149
0.4193256
0.3757024
0.3583829
0.4443685
0.41158563
0.43307137
0.45400372
0.5076757
0.4948478
0.41483226
0.4692337
0.3891764
0.5211354
0.43105754
0.48439965
0.39328685
0.4674748
0.4798376
0.5037193
0.447546
0.4030365
0.4070565
0.44551557
0.44775483
0.54317063
0.38712117
0.41378644
0.43312526
0.4147365
0.3497474
0.38923264
0.3515481
0.40537286
0.35061797
0.5162503
0.37733874
0.4865995
0.42213908
0.4472088
0.43803275
0.35132644
0.46744695
0.37970838
0.41338915
0.46044394
0.46809646
0.43270445
0.48868707
0.4173779
0.40694484
0.44651213
0.43378377
0.48301375
0.449018
0.5506215
0.48392037
0.45162946
0.3549723
0.3788027
0.392534
0.47923124
0.43675166
0.43938777
0.42438287
0.47461802
0.46717918
0.41256952
0.5580504
0.3852002
0.34081003
0.48595104
0.55511147
0.51784486
0.65272874
0.5154463
0.34065202
0.59480935
0.52400374
0.45672232
0.45285177
0.57066894
0.2838927
0.33677134
0.59616816
0.37205824
0.3656478
0.48561424
0.32853264
0.42793337
0.5295927
0.4836984
0.5154871
0.42492092
0.45475432
0.54639727
0.51884174
0.43827575
0.30890918
0.30598992
0.34354478
0.5810118
0.50680524
0.7187607
0.5182043
0.51129586
0.2579952
0.52322817
0.57984835
0.49860558
0.29314092
0.5089796
0.26341295
0.5298198
0.37153843
0.40962535
0.3691488
0.29073212
0.37711734
0.38189656
0.4176498
0.5470589
0.37142965
0.37023848
0.59422517
0.54664457
0.5552775
0.46545634
0.38498515
0.33878762
0.42289773
0.57040316
0.59363747
0.42933026
0.6002099
0.30629253
0.26208043
0.3352309
0.4899028
0.37926602
0.4515204
0.2793362
0.27996722
0.29671684
0.3104601
0.4392582
0.34175962
0.63774985
0.44488907
0.3689255
0.63599104
0.47265586
0.34798762
0.37182578
0.47899452
0.67885154
0.7853153
0.43509683
0.36155602
0.11429258
0.12321965
0.10070302
0.061188
0.06635397
0.08421861
0.10084634
0.0879062
0.25916103
0.7147668
0.85737497
0.5213832
0.41754287
0.3178465
0.12063998
0.07217973
0.06148006
0.056995835
0.0782072
0.0869453
0.06875779
0.1330598
0.6633255
0.8432032
0.7005195
0.459981
0.3017507
0.12485268
0.056145087
0.054927196
0.06457221
0.0846864
0.050933186
0.047380924
0.09662417
0.3050317
0.85737497
0.6943192
0.5514479
0.25404873
0.1436146
0.0896318
0.025161238
0.07202873
0.077907704
0.022947568
0.052229982
0.10221585
0.4069269
0.85737497
0.85737497
0.7968302
0.4631693
0.269469
0.1584872
0.075082816
0.044077657
0.046941146
0.10520711
0.04650282
0.08879169
0.19065407
0.85737497
0.85737497
0.7380495
0.6049901
0.25616303
0.14495842
0.08060385
0.1190575
0.05731622
0.051028527
0.01656575
0.048833188
0.23158011
0.42733663
0.85737497
0.85737497
0.85737497
0.84919393
0.85737497
0.85737497
0.85737497
0.8552566
0.85737497
0.8450947
0.7722321
0.61781377
0.71182054
0.8085889
0.85737497
0.8547401
0.7512642
0.763903
0.7937221
0.80624074
0.8146488
0.8072432
0.85737497
0.85701466
0.75150865
0.61327666
0.68479556
0.6153848
0.500352
0.8040268
0.85737497
0.8021949
0.72380155
0.85737497
0.80955034
0.67215574
0.73495126
0.71399516
0.74507886
0.7806685
0.85737497
0.64570695
0.7067018
0.85737497
0.7526453
0.7584301
0.85737497
0.85737497
0.85737497
0.85737497
0.85737497
0.85737497
0.47554213
0.7378659
0.7001226
0.76756734
0.7760298
0.85737497
0.85737497
0.85737497
0.85737497
0.85737497
0.85737497
0.727035
0.8184404
0.8064017
0.6519461
0.5792135
0.6462953
0.69370943
0.75404197
0.5386152
0.85737497
0.85737497
0.7848532
0.7677851
0.70094043
0.85562426
0.85737497
0.85737497
0.7937561
0.7477953
0.85737497
0.85737497
0.85737497
0.7544984
0.6630402
0.85737497
0.8173534
0.71740144
0.74587786
0.85737497
0.85737497
0.8028661
0.85737497
0.729774
0.61405385
0.85737497
0.85737497
0.85737497
0.85737497
0.85737497
0.85737497
0.74998134
0.85737497
0.70182115
0.7153602
0.5640838
0.75174725
0.7223679
0.7278704
0.85737497
0.7267355
0.82383806
0.76436716
0.7029749
0.85737497
0.68631
0.7110871
0.7065967
0.6187824
0.7771004
0.8001819
0.76003325
0.6711801
0.70262444
0.7457731
0.6112237
0.5250943
0.6077548
0.477524
0.6129542
0.5626265
0.583325
0.42216015
0.3348241
0.23408346
0.16783777
0.114608444
0.15441127
0.12876432
0.12253666
0.09932466
0.13995363
0.17274763
0.2145099
0.12174793
0.12059338
0.074796066
0.08940277
0.27336523
0.46545398
0.3101438
0.36660776
0.31343922
0.26022837
0.24272133
0.041617863
0.034751248
0.07487868
0.08040153
0.057373658
0.039151885
0.0311016
0.053877648
0.02302491
0.04000979
0.05921022
0.042237803
0.06931017
0.2416182
0.33991557
0.4533426
0.36652115
0.2554422
0.33211276
0.23941755
0.08988251
0.03672876
0.05453245
0.044027604
0.03842687
0.02878506
0.01976018
0.012877754
0.034738958
0.04179175
0.053242486
0.05110734
0.04596327
0.22890605
0.3482994
0.38132003
0.2836705
0.17176937
0.11190525
0.048532296
0.015969632
0.011783536
0.013005185
0.0075199846
0.0060773543
0.023173992
0.037286546
0.040222067
0.036894426
0.02864376
0.015067887
0.014916245
0.0119972285
0.00556739
0.0017391177
0.0009843003
0.0018410193
0.0011118598
0.00010785368
3.6533977E-05
0
0.00021039492
0.0016864398
0.0060017006
0.013888927
0.013724007
0.008894566
0.003296903
0.0013656386
0.00025514897
9.06504E-08
8.307012E-06
0
0
0
0
0.00025049923
0.00046316395
0.0045184456
0.23036969
0.35562408
0.34359473
0.3011741
0.25624835
0.22269809
0.09307203
0.020418951
0.005481221
0.012827715
0.008110134
0.0032061324
0.0032763472
0.0059493044
0.012533512
0.014647699
0.012307811
0.0056627057
0.0018469257
0.012642238
0.33933526
0.33670387
0.2919578
0.26680368
0.20565033
0.15414119
0.050238714
0.0164443
0.0053742602
0.0023073035
0.001590645
0.0004123807
0.0018707047
0.0036567855
0.0051992466
0.008194589
0.0028319394
0.0013429289
0.009089862
0.05473333
0.30158782
0.30600244
0.30114147
0.30390692
0.23690884
0.15219754
0.07178935
0.02431472
0.023066891
0.019565813
0.02080144
0.020539852
0.015661167
0.004821262
0.007375353
0.0071437634
0.0010591077
0.00048696453
0.001741499
0.014240545
0.02012599
0.024907725
0.028251994
0.015811281
0.016357766
0.0134150535
0.010601555
0.0058718887
0.0007167504
0
0
1.2707245E-05
0
0
0
0
0
0
0
0
0
0
0
0
0
0
0
0
0
0
0
0
0
0
0
0
0
0
0
0
0
0
0
0
0
0
0
0
0
0
0
0
0
0
0
0.0024552362
0.003187953
0.0023841918
0.0023437925
0
0
0.0004936908
0.005213136
0.0066959304
0.0055124606
0.003206293
3.5171797E-05
0
0
0.0041094935
0.008196458
0.008966889
0.005854272
0.007934702
0.011846841
0.016794292
0.016914995
0.02028293
0.020114837
0.015440115
0.014104035
0.014859713
0.016873993
0.014468938
0.014524699
0.010404284
0.0041704625
0.0048562996
0.0075501823
0.012388692
0.01277108
0.008504647
0.006875652
0.011001608
0.015439533
0.01713341
0.019625524
0.022774773
0.024548875
0.034290776
0.025204321
0.027316563
0.024781007
0.028584985
0.030337293
0.024303468
0.016998826
0.016855458
0.023494475
0.024689669
0.022068549
0.025273465
0.019701924
0.010694681
0.003168582
0.0033062834
0.009727921
0.01171031
0.006633846
0.016514556
0.005661156
0.0060340287
0.0072434675
0.008182419
0.010895705
0.006247538
0.0063878824
0.0051350826
0.01029655
0.01331891
0.013553897
0.008954697
0.009039244
0.023505056
0.023518637
0.013789564
0.020546312
0.029563323
0.038437124
0.025896272
0.03610189
0.04047251
0.041089047
0.05370663
0.034760777
0.03652743
0.038917482
0.040158536
0.038031522
0.034711268
0.039353285
0.041390523
0.038564153
0.037605815
0.03334309
0.029277707
0.028408946
0.029240415
0.028638557
0.052569658
0.02951564
0.026951123
0.025651284
0.023841051
0.0191391
0.017786859
0.018416043
0.0207737
0.022411808
0.017137123
0.02120564
0.014401183
0.018239027
0.018053975
0.02468045
0.024917481
0.022346664
0.029670233
0.024625704
0.026891395
0.022521745
0.022787834
0.023948083
0.025819438
0.030105049
0.026779635
0.02615397
0.025536072
0.025644656
0.022599678
0.02409635
0.024237376
0.02494442
0.021071475
0.018539071
0.021312084
0.019782145
0.025677307
0.030861316
0.02583637
0.03436318
0.035931237
0.035117455
0.042543408
0.04293526
0.036408886
0.03818971
0.03282078
0.030403249
0.03114609
0.05019866
0.046833277
0.023546895
0.06456818
0.0314233
0.06963435
0.03587334
0.08149882
0.044866588
0.070534036
0.069767356
0.0761942
0.0629166
0.070567906
0.06300724
0.07091567
0.07409501
0.056268692
0.06724743
0.088618
0.054604754
0.06978045
0.04865568
0.06821988
0.06113929
0.05991301
0.054946806
0.047813702
0.045816354
0.036887903
0.054129813
0.05917199
0.061273176
0.05200662
0.05632982
0.07108244
0.07084757
0.0771927
0.07279352
0.086337976
0.10077148
0.10111113
0.09307653
0.11463628
0.08630119
0.08752125
0.07475738
0.065220416
0.05423343
0.023455262
0
0.021607675
0.02581236
0.02494852
0.016462013
0.0038830389
0
0
0
0
0
0
0.0035170098
0.0039188894
0.0015176709
0.004187135
0.0021818029
0.001959738
0
0
0
0.00039128272
0.0019946268
0.0048478884
0.0076935934
0.00036491232
0
0
0
0
0
0
0
0
0
0
0
0
0
0
0
0
0
0
0
0
0
0
0
0
0
0
0
0
0
0
0
0
0
0
0
0
0
0
0
0
0
0
0
0
0
0
0
0
0
0
0
0
0
0
0
0
0
0
0
0
0
0
0
0
0
0
0
0
0
0
0
0
0
0
0
0
0
0
0
0
0
0
0
0
0
0
0
0
0
0
0
0
0
0
0
0
0
0
0
0
0
0
0
0
0
0
0
0
0
0
0
0
0
0
0
0
0
0
0
0
0
0
0
0
0
0
0
0
0
0
0
0
0
0
0
0
0
0
0
0
0
0
0
0
0
0
0
0
0
0
0
0
0
0
0
0
0
0
0
0.008388395
0.06810675
0.08327209
0.08994892
0.10258955
0.094912216
0.10607874
0.08688771
0.11761152
0.10691693
0.09230632
0.09922397
0.10260134
0.1323214
0.1185098
0.124563925
0.13558099
0.14940523
0.17062339
0.16673239
0.14340177
0.15037607
0.19496329
0.18518873
0.20433031
0.16952106
0.16766982
0.17950289
0.15895253
0.11573583
0.14862157
0.15928917
0.1609161
0.17394005
0.14413804
0.11206381
0.04347057
0.015668014
0.0067332378
0.013234641
0.010362926
0.0065263407
0.0045011975
0.003283387
0.0034934825
0.0014359979
0.0014575097
0.0009514036
7.964671E-05
0.00033656793
0
2.9147352E-06
0
0
0
0
0
0
0
0
0
0
0
0
0
0
0
0
0
0
0
0
0
0
0
0
0
0
0
0
0
0
0
0
0
0
0
0
0
0
0
0
0
0
0
0
0
0
0
0
0
0
0
0
0
0
0
0
0
0
0
0
0
0
0
0
0
0
0
0
0
0
0
0
0
0
0
0
0
0
0
0
0
0
0
0
0
0
0
0
0
0
0
0
0
0
0
0
0
0
0
0
0
0
0
0
0
0
0
0
0
0
0
0
0
0
0
0
0
0
0
0
0
0
0
0
0
0
0
0
0
0
0
0
0
0
0
0
0
0
0
0
0
0
0
0
0
0
0
0
0
0
0
0
0
0
0
0
0
9.452383E-05
0.0030250947
0.0010987982
0.0014976712
0.00015264377
0.0018173126
0.010468732
0.015803585
0.02536853
0.05034303
0.059800588
0.061891712
0.06932567
0.083460756
0.11144366
0.12779494
0.17407605
0.23308599
0.23744132
0.23407276
0.22169192
0.14115773
0.12358401
0.17123352
0.1931555
0.2005406
0.14952092
0.14900383
0.15521713
0.15890941
0.1621508
0.17744313
0.21242522
0.29518533
0.319767
0.27096564
0.23962381
0.18536158
0.25014487
0.19611481
0.16511044
0.17077093
0.17001356
0.23953241
0.1953151
0.15056399
0.18619277
0.03827657
0.020558415
0.009181119
0.011014861
0.0008914404
0.0001750478
0.0003860537
0.0012782044
0.004208155
0.0028930707
0.0019544929
0.0011827038
0.002104828
0
0
2.1355268E-05
0.00031352186
0.0029936426
0.0021168585
0.002503498
0.0010539788
0.0009478053
0.00014491903
0
0
0
0
0
0
0
0
0
0
0
0
0
0
0
0
0
0
0
0
0
0
0
0
0
0
0
0
0
0
0
0
0
0
0
0
0
0
0
0
0
0
0
0
0
0
0
0
0
0
0
0
0
0
0
0
0
0
0
0
0
0
0
0
0
0
0
0
0
0
0
0
0
0
0
0
0
0
0
0
0
0
0
0.0015039636
0.003634963
0.0050089415
0.0064106286
0.010124611
0.012557761
0.010176789
0.0042082677
0.0022037725
0.0033302568
0.0009603218
0.0014256671
0.0038997852
0.008643576
0.01144451
0.0096015
0.01144841
0.009097645
0.00928397
0.010665291
0.010706002
0.01121921
0.009303643
0.009130431
0.011047048
0.023636807
0.03412967
0.03959408
0.048260234
0.04361543
0.048555497
0.048343696
0.05559536
0.05014797
0.043602806
0.041570477
0.050496954
0.057508584
0.06987872
0.10382091
0.10918876
0.1269154
0.12711115
0.1432299
0.13297813
0.1235934
0.097044975
0.07467473
0.0631946
0.07085188
0.07012506
0.059840105
0.05738033
0.078150995
0.13483015
0.17567743
0.19023971
0.17865343
0.19190249
0.2137062
0.18125299
0.12238093
0.1440341
0.18360318
0.22374319
0.27746344
0.24006443
0.1801
0.1418556
0.1790443
0.18191837
0.1518295
0.09377011
0.036686502
0
0
0.00785791
0.046296142
0.0839582
0.08454818
0.05445134
0.06900304
0.11501268
0.14976743
0.1333331
0.1212493
0.11297694
0.09677536
0.13431053
0.15102032
0.14457312
0.18046106
0.19021408
0.19172394
0.15403527
0.13111806
0.115501024
0.12178049
0.17619653
0.18344365
0.17753805
0.16993167
0.1841912
0.18212502
0.17106405
0.16149153
0.15511425
0.13485152
0.09487347
0.10281998
0.13463926
0.14094976
0.16867909
0.15275587
0.121903196
0.1125375
0.15013157
0.16725081
0.17188944
0.16881004
0.14946908
0.172011
0.1589068
0.118730865
0.12774335
0.06850837
0.09075915
0.1254576
0.12936029
0.16614632
0.18081602
0.12631728
0.11141809
0.13131262
0.1564761
0.16572931
0.13049829
0.082993664
0.09418442
0.1621225
0.17387313
0.20723236
0.25821736
0.22803335
0.28142703
0.33358783
0.3377098
0.28883767
0.31150058
0.3515152
0.4007874
0.36303768
0.40101343
0.38258004
0.39315262
0.3373803
0.28880975
0.3407779
0.52868277
0.46428317
0.49090478
0.5133304
0.64713025
0.631701
0.5008917
0.389912
0.3446055
0.31719792
0.27578714
0.40675536
0.44910267
0.50506747
0.4923633
0.5413088
0.45372793
0.5339946
0.60387826
0.58384514
0.683549
0.5603464
0.6062186
0.53607637
0.61167884
0.5999354
0.5826192
0.58895254
0.5181052
0.55852395
0.59569436
0.62848777
0.5447473
0.6539276
0.66059655
0.6313733
0.49033836
0.435345
0.3618058
0.44781882
0.6036846
0.59942657
0.40774962
0.46183887
0.5427937
0.537928
0.5246909
0.4054226
0.41250476
0.35434067
0.38999626
0.41004482
0.34747615
0.45340547
0.60042965
0.50796306
0.47906733
0.2812831
0.85737497
0.5352087
0.54330957
0.44894537
0.57012653
0.31794074
0.174571
0.29161227
0.21482499
0.26964092
0.2673243
0.16278093
0.26229337
0.24871147
0.19857156
0.24185869
0.26763266
0.21050982
0.22182976
0.25207046
0.23610756
0.27258852
0.27908027
0.28548032
0.406051
0.4313698
0.40088218
0.32084632
0.29783103
0.33468926
0.3845183
0.3534688
0.4409339
0.5456423
0.5215077
0.39013013
0.3397703
0.22801915
0.23587583
0.3056258
0.3634748
0.3866727
0.3305058
0.23161875
0.3355563
0.3358338
0.42025512
0.3058136
0.35775146
0.3235724
0.37900394
0.33243424
0.322211
0.34717548
0.34376255
0.36717597
0.46319446
0.3589347
0.4162298
0.52809703
0.6864064
0.804935
0.7076325
0.66350764
0.59170556
0.74343383
0.85737497
0.85737497
0.85737497
0.7768032
0.6187734
0.61319196
0.6635897
0.6367675
0.76793766
0.6453267
0.71429294
0.57424074
0.64169204
0.4055506
0.34844926
0.33676282
0.31581753
0.35020998
0.41966438
0.5547527
0.4513467
0.46495387
0.5060308
0.4930053
0.50392103
0.5038488
0.4721906
0.46848887
0.47703445
0.4215541
0.44100696
0.39334244
0.39884308
0.38154027
0.4311998
0.36226448
0.2999199
0.3470111
0.41361123
0.40229684
0.40687886
0.38321632
0.3220777
0.3138341
0.1960222
0.33264837
0.39781123
0.40809467
0.37152058
0.3378145
0.25055948
0.30880943
0.38671833
0.4035298
0.4055023
0.36740053
0.2782401
0.2916886
0.38016647
0.27167735
0.27311805
0.27099794
0.35364345
0.32006544
0.31635338
0.37723953
0.31402823
0.33063808
0.31911105
0.45092696
0.3345093
0.45952725
0.42368835
0.34664556
0.39777735
0.3308887
0.32192823
0.2805479
0.3527607
0.34385985
0.31802067
0.34508273
0.44286418
0.3584555
0.35703313
0.46946958
0.42690778
0.4683083
0.40658152
0.5347698
0.53505796
0.48676172
0.4861864
0.37987772
0.45877442
0.43857172
0.27263856
0.28410456
0.36457223
0.3914342
0.38408095
0.32132366
0.386964
0.2192583
0.31074128
0.45362198
0.3607781
0.3263959
0.43713978
0.3363983
0.37710872
0.3041686
0.371922
0.37910008
0.3771672
0.4327244
0.40471566
0.45208427
0.4349211
0.3776556
0.42161238
0.3952892
0.4112327
0.22315772
0.31583816
0.2657386
0.23958561
0.41389328
0.28368467
0.2615317
0.22516876
0.29651976
0.35981515
0.3032794
0.36716893
0.42477393
0.35867453
0.349447
0.29098454
0.29234427
0.3056103
0.29047027
0.15003604
0.265062
0.29243088
0.30751896
0.3839469
0.44293922
0.29580113
0.1941354
0.24731483
0.27586538
0.332015
0.21189345
0.24248813
0.26741186
0.22876146
0.16856149
0.21715988
0.30051616
0.3248346
0.2636631
0.11087578
0.2149195
0.28064188
0.45770457
0.2247155
0.2683689
0.36434084
0.3811859
0.36117414
0.24377353
0.3506593
0.31597793
0.5263956
0.3539238
0.30317497
0.34750238
0.40127262
0.3014578
0.40702918
0.34969825
0.26199588
0.37719926
0.26802734
0.31317547
0.2538454
0.6397931
0.36950833
0.20651263
0.2974056
0.34244552
0.3561742
0.26369172
0.35747802
0.2814108
0.36759946
0.40375346
0.4169093
0.4008403
0.42122293
0.5593583
0.2731277
0.3441934
0.26128608
0.4923628
0.2967897
0.28729528
0.36491978
0.28593928
0.42462575
0.4216125
0.34396437
0.46710923
0.37422305
0.43712774
0.31700516
0.23865671
0.28900227
0.34210265
0.23104812
0.24419448
0.26608667
0.3239365
0.39717335
0.4480106
0.36600125
0.49686122
0.41655487
0.32087517
0.2532781
0.3753879
0.21852814
0.18480897
0.12657225
0.13583604
0.14523485
0.12704349
0.14595668
0.13388965
0.19579452
0.17390545
0.2106694
0.20490439
0.23216482
0.18002632
0.15935259
0.211798
0.31020543
0.2591562
0.2795145
0.31002375
0.25226122
0.26279947
0.33278668
0.23357041
0.1966096
0.18014358
0.19686258
0.33702895
0.44900143
0.4082112
0.45103306
0.66176337
0.64085853
0.6203814
0.6193502
0.59381497
0.55354404
0.49380586
0.52958864
0.5393266
0.5568482
0.58300084
0.6436939
0.6742234
0.71425664
0.63157666
0.54659283
0.45641893
0.4814029
0.45776656
0.46924812
0.6070871
0.6842835
0.71080625
0.63115704
0.6285656
0.6383272
0.61576825
0.60041314
0.59469944
0.5617446
0.5243987
0.56840146
0.50859314
0.5094735
0.616503
0.6686411
0.52478355
0.5415652
0.6080153
0.6822552
0.6813786
0.8078429
0.7896879
0.74948263
0.5582034
0.53488505
0.5941944
0.843614
0.85737497
0.7810135
0.5872424
0.7487913
0.67047477
0.6826744
0.6190667
0.85737497
0.85737497
0.85737497
0.85737497
0.85737497
0.85737497
0.85737497
0.85737497
0.85737497
0.8511914
0.7453033
0.85737497
0.85737497
0.8100902
0.85737497
0.85737497
0.85737497
0.829002
0.85737497
0.802912
0.8170169
0.85737497
0.83712393
0.85737497
0.85737497
0.693043
0.7919505
0.85737497
0.85737497
0.85737497
0.7259905
0.85737497
0.85737497
0.7649549
0.85737497
0.85737497
0.85737497
0.85737497
0.85737497
0.85737497
0.85737497
0.85737497
0.7130877
0.54993916
0.5897327
0.5324296
0.43030956
0.5620585
0.55105424
0.616235
0.7299193
0.57758373
0.608728
0.71742254
0.67915326
0.6231976
0.60410565
0.6273656
0.622183
0.6166493
0.6469237
0.61239654
0.5825562
0.7144934
0.69302
0.7311828
0.6276418
0.63240546
0.64609987
0.6060319
0.57084846
0.6468817
0.7111104
0.68622166
0.6016332
0.6812115
0.6206938
0.53747314
0.45042738
0.5751001
0.6987473
0.85737497
0.72486323
0.4822327
0.39920685
0.3982422
0.4406541
0.4735952
0.41031808
0.4000336
0.4460687
0.38967353
0.42902777
0.40814978
0.4578118
0.43975282
0.35477877
0.3731535
0.36505458
0.36258283
0.35532948
0.38742968
0.32377324
0.34447786
0.3869333
0.35317248
0.42962036
0.43868473
0.4296178
0.4230081
0.4066209
0.45554382
0.40161392
0.33508047
0.47896284
0.39728233
0.43894458
0.45045516
0.47115245
0.507379
0.56184787
0.57811505
0.524257
0.4127362
0.5043402
0.5605788
0.4866825
0.506608
0.57272255
0.40292296
0.1099476
0.08895883
0.07543445
0.07926176
0.08588484
0.086609215
0.08636689
0.046629783
0.08255996
0.05699926
0.06449127
0.03209059
0.039102238
0.06561345
0.05923819
0.056269202
0.039490413
0.042726606
0.059888598
0.033437252
0.027986037
0.022028042
0.023482757
0.044259522
0.03562918
0.03015173
0.0363029
0.051693663
0.043601245
0.022782907
0.026150616
0.024937013
0.01609591
0.015476803
0.01951577
0.021552313
0.026075888
0.019509044
0.011599647
0.005188539
0.0021976936
0.014432275
0.031459488
0.026291735
0.013620369
0.004890147
0.0017235551
0.0077595306
0.009170745
0.022228131
0.0037580915
0.0024288076
2.0096792E-05
0.003908568
0.005999261
0.0009182687
0.0017270308
0.007387802
0.00010252548
0.00054430845
0.0003465823
0.0050902716
0.00268728
0.0017466111
0.0006002882
0.0016230161
0.00074501283
0.0047449134
0.0041934005
1.5580565E-05
0
0.0025727467
0
0.0002588222
0
0
0.0007425007
8.799726E-05
0
0
0
0
0
0
0
0
0
0
0
0
0
0
0
0
0
0
0
0
0
0
0
0
0
0
0
0
0
0
0
0
0
0
0
0
0
0
0
0
0
0
0
0
0
0
0
0
0
0
0
0
0
0
0
0
0
0
0
0
0
0
0
0
0
0
0
0
0
0
0
0
0
0
0
0
0
0
0
0
0
0
0
0
0
0
0
0
0
0
0
0
0
0
0
0
0
0
0.109395355
0.3094657
0.25577915
0.16691308
0.2247151
0.28503653
0.29920253
0.28135717
0.2877642
0.35445955
0.46268684
0.39885983
0.3840911
0.46022436
0.44166338
0.3428843
0.40244478
0.3472257
0.41085112
0.39416897
0.40582702
0.33615488
0.27061293
0.29844525
0.37627813
0.39945462
0.39551455
0.31630135
0.25450772
0.25995284
0.39715892
0.48294848
0.4365279
0.4227262
0.39308923
0.41967785
0.37449118
0.23670428
0.050092004
0.035249203
0.03482874
0.052053902
0.05895263
0.051992293
0.037862528
0.030689465
0.0218357
0.032295883
0.025108552
0.015034317
0.03599286
0.039740857
0.026235342
0.027908253
0.0106515875
0.0040824004
0.014566297
0.0037395249
0
0
0
0
0
0
0
0
0
0.00045959168
0
0
3.5819696E-05
0.001461905
0.000516279
0
0
0.000859119
0.0016574588
0.0003822755
0
0
0
0
0
0
0
0
0
0
0
0
0
0
0
0
0
0
0
0
0
0
0
0
0
0
0
0
0
0
0
