0
0
0
0
0
0
0
0
0
0
0
0
0
0
0
0
0
0
0
0
0
0
0
0
0.29618025
1
1
0.1464632
0.025003329
0.017947983
0.021360053
0.0009478988
0.004425712
0.0037984236
0.0055949334
0.00085152016
0.003441047
0.0001344184
0
0
0
0
0
0
0
0
0.6300662
0.7469785
0.5081898
0.2968504
0.09414862
0.0023811394
0
0
0
0
0
0
0
0
0
0
0
0
0
0
0
0
0.6901565
1
0.7787605
0.14906226
0.016431639
0.07660407
0.02679238
0.017723083
0.010773505
0.010040954
0.00062317634
0.0007564238
0.00032370642
0
0
0
0
0
0
0
0
0
0
0
0
0
0
0
0
0
0
0
0
0
0
0
0
0
0
0
0
0
0
0
1
0.9381651
0.5438821
0.019064644
0.037258253
0.004002104
0.0013530364
0
0
0
0
0.0008457524
0
0
0
0
0
0
0
0
0
0
1
0.7196308
0.48468447
0.1394843
0.015521503
0.0011411199
0
0
0
0
0
0.007962751
1.3556151E-05
0
0
0
0
0
0
0
0
0
1
1
0.5176369
0.021015618
0.008032398
0.017345252
0.0052521504
0.0024837416
0
0.0027117918
0
0
0.00036290946
0.0021069879
0
0
0
0
0
0
0
0
0
0
0
0
0
0
0
0
0
0
0
0
0
0
0
0
0
0
0
0
0
0.2547429
1
0.6954174
0.2142411
0.011349638
0.0006662706
0.0006743632
0.0035493153
0.0023228982
0
0.01025938
0.0014262489
0.0024650388
0.00010976009
0
0
0
0
0
0
0
0
0.65614516
1
0.65801996
0.22824992
0.03260341
0.0005881982
0
0
0
0
0
0.0014072161
0.0013430084
0
0
0
0
0
0
0
0
0
0.650161
1
0.8617185
0.05344369
0.025043605
0.027610209
0.0075530168
0
0.0056370306
0.002609184
0
0.000110752335
0
0
0
0
0
0
0
0
0
0
0
0
0
0
0
0
0
0
0
0
0
0
0
0
0
0
0
0
0
0
0
0
0.9085249
1
0.78154904
0.06829804
0.05623231
0.038511254
0.040798187
0.023591677
0.017485779
0.0060079056
0.007003051
0.02186919
0.01919593
0.016090063
0.011760079
0.009364564
0.0073060906
0.008297585
0.0070664184
0.0073830537
0.00497837
0.0021610644
1
0.67303437
0.4250974
0.17196186
0.042327907
0.019957148
0.014045757
0.015426317
0.012365955
0.0066575645
0.00858665
0.039283942
0.02327573
0.027487768
0.022424962
0.014029843
0.010321136
0.008223029
0.0077243317
0.007932701
0.008221932
0.0052813906
1
1
0.45587233
0.10820495
0.046696775
0.079530425
0.04270404
0.036797438
0.04974755
0.026098948
0.010310881
0.031623572
0.027475197
0.029484162
0.028549634
0.019628176
0.016230518
0.014182512
0.011429325
0.011882037
0.0074780053
0.69457585
1
0.3192118
0.2922934
0.114339314
0.036722932
0.019159064
0.015059379
0.016084755
0.01825489
0.012909372
0.025721539
0.036288053
0.021146778
0.026134906
0.022752494
0.01946338
0.017034302
0.020025235
0.021739494
0.013136542
0.0112342015
0.009256735
1
1
0.31096718
0.06903904
0.0033498472
0.0227763
0.0050371033
0.00022982997
6.0106446E-05
0
0.19349936
1
0.9561543
0.3809557
0.015605642
0.019912884
0.0064511294
0.01095032
0
0
0
0.7422536
0.9092069
0.4726034
0.14968036
0.029307725
0
0.0070128604
1
0.9774663
0.2256657
0.05811186
0.028954681
0.029586159
0.005033261
5.0822244E-05
0.0054943813
0
0.69206053
1
1
0.122744255
0.04292998
0.02844798
0.021067863
0.004270149
0
0
0
0
0
0.000611788
0
0
0
0
0
0
0
0
0
0
0
0
0
0
0
0
0
0
0
0
0
0
0
0
0
0
0
0
0
0
0
0
0
0
0
0.50372183
1
0.69866896
0.1273848
0.04576809
0.03741205
0.006077319
0
8.530338E-06
0
0
1
1
0.55389625
0.14385107
0.048204914
0.0020769844
0.010431432
0.0070215147
0
0
0
1
0.7858961
0.40381005
0.139316
0.00718151
0
0.750202
1
0.59538674
0.18308926
0.024881495
0.040231094
0.02524318
0.011711892
0.005213491
0.0039666905
0.00025711235
1
1
0.36531729
0.18710144
0.053015128
0.027423335
0.02083699
0.007902897
0.0036701856
0
0
0
0
0
0
0
0
0
0
0
0
0
0
0
0
0
0
1
0.8683983
0.2602043
0.10143152
0.0016018155
0
0
0
0
0
0.016322026
1
0.7161635
0.28147534
0.06614034
0
0
0
0
0
0
0.0355478
1
1
0.14076613
0.02249417
0.06442018
0.05530965
0
0.008247166
0
0
0.2276169
1
0.9752507
0.25342554
0.056847256
0.014406842
0.004888006
0.0036800925
0
0
0
0.2750028
1
0.5151115
0.2161272
0.04736769
3.6997076E-07
0
1
1
0.4430507
0.029496811
0.037791405
0.016366668
0.006645051
0.003393289
0.000349585
0
0.76088196
1
1
0.139628
0.042869784
0.013699028
0.05275495
0.017995404
0.009267836
0.008918878
0
0.0006056377
0
0
0
0
0.02098056
0.012819248
0.00034689793
0
0
0
0
0
0
0
0
1
1
0.44327003
0.20777155
0.028351715
0
0
0
0
0
0
0.02983819
0.012624861
0.0032458103
0
0
0
0
0
0
0
0
0.5490031
1
0.67866373
0.0946733
0.008626483
0.02776818
0.034176763
0.011828084
0.00011283009
0.0012090143
0.0020550133
0.027707815
0.014549285
0.0069741956
0.001448749
0.0012648822
0
0
0
0
0
0
1
0.7755568
0.4697299
0.15665314
0.04665214
0.018186675
0.0120831
0.009117696
0.006851105
0.0064534238
0.0040133093
0.07700663
0.030378317
0.02513705
0.02301329
0.019265147
0.010391605
0.008308947
0.007128479
0.008759953
0.0068704872
0.005641352
1
1
1
0.15842915
0.092146434
0.06936433
0.06653928
0.052711923
0.047315206
0.021379184
0.016798187
0.069010295
0.03710241
0.027199555
0.01932293
0.015744127
0.017538615
0.015671834
0.017751083
0.016446067
0.012674465
0.0077036247
1
0.8283443
0.31819874
0.1806129
0.06663454
0.05689643
0.031441182
0.026636986
0.021912033
0.016714077
0.019290993
0.080220655
0.03824298
0.045926865
0.040396
0.03887851
0.029941566
0.023132993
0.026359223
0.019061057
0.01657633
0.061455917
1
1
0.7478302
0.36079592
0.26793098
0.28024778
0.30419338
0.21207075
0.21624438
0.22909902
0.31153396
1
1
0.4955443
0.40823188
0.27710837
0.19849299
0.17151728
0.20350932
0.21969488
0.21852237
0.12619558
0.0028203947
0.04307088
0.179802
0.26359665
0.25958657
0.2670035
0.25525612
0.19601245
0.16077307
0.13260873
0.07839911
0.04935414
0.0328127
0.0060136104
0
0
0
0
0
0
0
0
0
0
0
0
0
0
0
0
0
0
0
0
0
0
0
0
0
0
0
0
0
0
0
0
0
0
0
0
0
0
0
0
0
0
0
0
0
0
0
0
0
0
0
0.85145634
1
0.9355414
0.48655757
0.1836328
0.29755527
0.25265145
0.19314235
0.20376348
0.2040614
0.17029518
1
1
0.695903
0.38446644
0.17630415
0.2782964
0.22968322
0.19743635
0.19185199
0.17108445
0.2189626
0.102939405
7.7077544E-05
0.017042873
0.0807319
0.11396888
0.061833702
0.006880084
0.0115323635
0.027585136
0.013078318
0.012406442
0
0.00067277445
0.0031217563
0
0
0
0
0
0
0
0
0
0
0
0
0
0
0
0
0
0
0
0
0
0
0
0
0
0
0
0
0
0
0
0
0
0
0
0
0
0
0
0
0.7926697
1
0.73304886
0.20773974
0.025002288
0
0
0
0
0
0
0.058718983
1
0.6325785
0.7488344
0.3446928
0.21153158
0.24071035
0.12600018
0.10430916
0.08317394
0.07951072
0.3674472
1
0.8674455
0.28682753
0.13999788
0.16725677
0.08748349
0.058013562
0.028649885
0.04288489
0.028109029
0.0026798486
0.00052860135
0
0.00013981824
0.0037666499
0.011404309
0.010769347
0.01358773
0.008708051
0.008763446
0.0025449744
0.002128615
0.0014619491
7.064703E-05
0
0
0
0
0
0
0
0
0
0
0
0
0
0
0
0
0
0
0
0
0
0
0
0
0
0
0
0
0
0
0
0
0
0
0
0
0
0
0
0
0
0
0
0
0
0
0
0
0
0
0
0
0.7551167
1
0.7552017
0.3050682
0.22607478
0.21362936
0.11606187
0.26328778
0.16648921
0.19818185
0.17382376
0.95780146
1
0.72076154
0.54633266
0.2684141
0.217412
0.21986474
0.14923047
0.12262776
0.09869626
0.030581959
0.0013402313
0.0009818737
0.0053581297
0.02410826
0.054206293
0.06159978
0.06734527
0.05844444
0.041996237
0.020535614
0
0
0
0.0024496135
0.0012368133
0.0025145384
0.00038398063
0.00073496683
0.00059867726
7.991005E-05
0
0
0
0
0
0
0
0
0
0
0
0
0
0
0
0
0
0
0
0
0
0
0
0
0
0
0
0
0
0
0
0
0
0
0
0
0
0
0
0
0
0
0
0
0
0.048069425
1
0.9225774
0.33736455
0.3681132
0.22952428
0.20559116
0.18808354
0.13015723
0.12831114
0.10453587
0.09463372
0.10062345
0.07984034
0.06798784
0.06704084
0.056057442
0.04658486
0.04761017
0.043390494
0.03861309
0.033217896
0.49893656
0.8592647
0.7238858
0.26660132
0.1421661
0.115284726
0.092545964
0.08256294
0.06912135
0.07003114
0.05134078
0.04520346
0.039155103
0.029296733
0.02867458
0.023998702
0.018919485
0.021010699
0.02068861
0.02594332
0.021697165
0.015036936
0.8221392
1
0.9376144
0.34361106
0.21329217
0.09562847
0.06477445
0.04132476
0.015282048
0.012461623
0.010205625
0.009135845
0.012824708
0.010418862
0.008272503
0.006519816
0.0042511425
0.0057596285
0.005468327
0.002739379
0.001063173
0.00054369634
0.79147065
0.5806122
0.7014895
0.24965598
0.112919
0.045532912
0.032719016
0.023011377
0.015835786
0.0114025455
0.00905498
0.009871244
0.010802007
0.008092855
0.010166294
0.006907421
0.0089528
0.0061290604
0.005618865
0.003971897
0.0024132042
0.0023393924
1
1
0.88087076
0.19829978
0.23572429
0.07255071
0.056150783
0.04439397
0.008526391
0.0075911866
0.0048577767
0.008519609
0.010555624
0.008765128
0.00620593
0.0061652837
0.0057194456
0.0056681307
0.004850898
0.004161475
0.0027633638
0.0027854783
1
0.801668
0.4970522
0.24390481
0.12819038
0.08953591
0.08026297
0.060543038
0.06606411
0.043973353
0.035878148
0.06435059
0.031150343
0.02054568
0.019123957
0.02124933
0.02537785
0.026343593
0.021716978
0.022362184
0.02111316
0.014935234
1
1
0.40194225
0.21078974
0.17903908
0.058996566
0.055413738
0.018043455
0.011693095
0.007863745
0.007422426
0.011335017
0.010326727
0.008759817
0.0072594015
0.007278997
0.004693585
0.006311901
0.0037046266
0.0015418791
0.0012971283
0.058501866
0.9380012
0.79073054
0.37743726
0.18758745
0.08088113
0.046506323
0.03934463
0.025637127
0.015084075
0.012009519
0.0102485325
0.015855802
0.01221433
0.014550169
0.014242863
0.011397991
0.011200927
0.010276518
0.008046579
0.0052213883
0.005326666
0.32037976
1
1
0.38877764
0.2912028
0.22575314
0.17407668
0.15468997
0.12671955
0.111400634
0.09688099
0.08459892
0.08253667
0.073937304
0.06384531
0.061495055
0.05314367
0.051296115
0.05010664
0.04127176
0.038937654
0.032422062
0.48479292
0.8109425
0.7771447
0.4221818
0.20234543
0.11050157
0.090724036
0.08443491
0.06912251
0.060715795
0.044691563
0.035286464
0.033345606
0.027999718
0.022532286
0.019704975
0.022790832
0.02252464
0.020410948
0.026858594
0.022712953
0.01536244
0.86458623
1
0.6865601
0.3604952
0.30127987
0.07484611
0.06726962
0.045197148
0.014732992
0.012312633
0.008578389
0.01023546
0.014712701
0.012591351
0.008778683
0.008438728
0.0058606137
0.005096688
0.0050401627
0.0035181774
0.0042001717
0.009877457
0.471503
0.35929966
0.6240598
0.24677435
0.11158757
0.05744208
0.045687515
0.029357683
0.02165783
0.017420292
0.013325746
0.01666905
0.014251274
0.011456442
0.012729017
0.009932268
0.008269688
0.008667924
0.007152157
0.005389695
0.002621412
0.0018141479
1
1
0.5420493
0.28417367
0.15569681
0.07685253
0.052304383
0.02867502
0.010666571
0.009593539
0.0073645264
0.015281092
0.011246246
0.008794816
0.007967509
0.006470138
0.006307665
0.006454042
0.007094259
0.004373488
0.0026755268
0.0032348144
1
0.8101364
0.49448717
0.2802009
0.14606225
0.10702033
0.10435482
0.09122818
0.077017754
0.06871174
0.051393054
0.05459441
0.04640389
0.04059718
0.041582424
0.044656362
0.045779448
0.03674028
0.04250436
0.0452582
0.045762204
0.031024868
1
0.99821764
1
0.65868187
0.705545
0.27905232
0.05856949
0.28801265
0.3046553
0.38054124
0.36238295
0.40969256
0.334248
0.3071921
0.28420508
0.28195533
0.2409065
0.27472153
0.2890305
0.2851959
0.24114542
0.27737933
1
0.8805229
0.6484419
0.4484231
0.5580547
0.22868654
0.14081715
0.3240283
0.36019838
0.49283087
0.34416297
0.36437127
0.33265284
0.28927615
0.27694795
0.28889683
0.2647706
0.25674614
0.29493853
0.23915027
0.24314402
0.6511823
1
0.8962515
0.8117006
0.73531806
0.7095864
0.13633187
0.10070354
0.32247066
0.48493335
0.38567317
0.33895504
0.355268
0.32916483
0.32774457
0.27297184
0.29295498
0.292767
0.2523274
0.2602023
0.2550057
0.20496882
0.22239946
0.22613245
0.22152612
0.177906
0.11236167
0.119425505
0.104378514
0.10371291
0.10154062
0.07865972
0.08329843
0.07722229
0.11635481
0.137812
0.042339563
0.032375593
0.03817784
0.035612002
0.036634438
0.033469
0.03073014
0.0334366
0.02196609
0.016727598
0.00050800986
0
0
0
0
0
0
0
0
0
0
0
0
0
0
0
0
0
0
0
0
0
0
0
0
0
0
0
0
0
0
0
0
0
0
0
0
0
0
0
0
0
0
0
0
0
0
0
0
0
0
0
0
0
0
0
0
0
0
0
0
0
0
0
0
0
0
0
0
0
0
0
0
0
0
1
1
0.67658436
0.32790217
0.12181634
0.0894762
0.084096745
0.038570866
0.024724673
0.034457065
0.029895578
1
1
0.40353864
0.028883496
0.011058243
0.0023701629
0
0
0
0
0
0.002530917
0
0
0
0
0
0
0
0
0
0.2452526
0.9809306
0.66654813
0.27063346
0.04723763
0.002820711
0
0
0
0
0
0.01950532
0.0022640198
0.0016590034
0.00064228225
0.00050719094
0.00077865337
9.354677E-07
5.475067E-05
0.00015887216
0.00015766523
0
0.17224059
1
1
0.1806483
0.023646455
0.009678376
0.009998075
0.009515232
0.0016235737
0.0002389474
0
0.002110415
0.0024921894
0.0011643878
0.0015808978
0.0004712434
0.00047416752
0.00032407307
4.074957E-06
0
0.0003533605
0.00033102633
0.8578747
0.72947013
0.52243197
0.12820178
0.026618917
0
0
0
0
0
0
0.0041253404
0.000108038774
0.00013975256
1.7521123E-05
0
0
0
0
0
0
0
0.7689292
1
1
0.053037733
0.007857381
0.008377424
0.00022949553
0
0
0
0
0.00044084876
0.0015848066
7.282876E-05
0
0
0
0
0
0
0
0
0.96462995
0.95059645
0.5620246
0.1287883
0.029842824
5.5360437E-05
0
0
0
0
0
0.010015561
0.00045694303
0.0015162869
0.0013512295
0.00029569468
0
0
0.00011924174
0.000638748
0.00018252752
7.8766025E-05
1
1
0.53676146
0.03065233
0.014314126
0.0032108042
0.023608409
0.00084333273
0.0041103824
0.0015042498
0.00029359185
0.0029623585
0.0017616827
0.0003111564
0.0011291269
0.00056612346
0.00014921768
0
0
0
4.4776454E-05
0
1
0.68591213
0.3310511
0.067545034
0.00642466
0.0004280589
0.0002795423
9.0589056E-05
0
0
0
0.010640444
0.0032483041
0.003386781
0.0019077702
0.0016212898
0.0022678282
0.0007766716
0.00012254447
3.5111698E-05
0.0013334888
0
1
1
0.36101708
0.011430713
0.027292825
0.0042031556
0.0011326885
0.000849333
5.7899568E-05
0.0010817028
0.004368022
0.0014430501
0.0019272942
0.0013868173
0.0013840212
0.00023689753
0.0001135109
0.00020161734
0.000343411
0.0013038397
0
0.18182711
1
0.73145545
0.17667443
0.040200915
0.0052763335
0.0022496583
0.0018701325
0.0014988411
0.0026619283
0.00092578906
0.007076488
0.003445878
0.0031140659
0.0043014544
0.0030751908
0.0034189667
0.00040919066
0.0008473388
0.0014063669
0.0014841274
0.0034413466
0.080484994
1
1
0.2082967
0.018372955
0.029420773
0.018588932
0.0037337146
0.0050601885
0.005148555
0.0029871608
0.008367643
0.0041500954
0.005278391
0.0006311079
0
0
0
0
0
0
0
0.37922788
0.5130382
0.33400142
0.078879185
0.016062763
0
0
0
0
0
0
0
0
0
0
0
0
0
0
0
0
0
0.86984706
1
1
0.59918875
0.47798923
0.40558985
0.32075864
0.2606611
0.2874594
0.31252933
0.19958854
0.8587034
1
0.8567188
0.8391743
0.6626843
0.4101616
0.35671446
0.26091462
0.24380673
0.22147553
0.2745127
0.2759203
0.3847642
0.33912894
0.40685892
0.33381963
0.35590488
0.36711776
0.25700307
0.20978604
0.11388758
0.077377066
0.072389655
0.0904661
0.13036816
0.11425161
0.111345395
0.07811955
0.075610414
0.09139927
0.06937506
0.05705341
0.03700033
0.02836898
0.02923344
0.027768161
0.02039096
0.027017606
0.02138169
0.017684508
0.015681827
0.0128620695
0.017037636
0.013819262
0.009579397
0.0073928637
0.0049194107
0.004751814
0.0058195544
0.004037301
0.003971775
0.004080832
0.0006383943
0.0006122641
0.00090821687
0.008586391
0.0018782311
0.0003836257
0.00013081697
0.00015509641
0
0
0
0
0
0
0
0
0
0
0
0
0
0
0
0
0
0.016807485
0
0
0
0
0
0
0
0
0
0
0
0
0
0
0
0
0
0
0
0
0
0.009153772
0
0
0
0
0
0
0
0
0
0
0
0
0
0
0
0
0
0
0
0
0
0.00500315
0
0
0
0
0
0
0
0
0
0
0
0
0
0
0
0
0
0
0
0
0.7745297
1
0.8288885
0.22494751
0.12034924
0.038230564
0.0006298654
0
0
0
0
0.9440616
1
1
0.4437081
0.84877974
0.6836565
0.2956991
0.2999375
0.30209264
0.26839325
0.2031575
0.7298792
1
0.79663205
0.48164666
0.5644639
0.46718407
0.35360068
0.34180933
0.28681332
0.34396282
0.22696848
1
1
1
0.7352842
0.55993617
0.6212021
0.49484953
0.3996386
0.33626726
0.23346974
0.22329989
0.27252138
0.27455348
0.23995271
0.30600873
0.26980674
0.23682402
0.19534957
0.16929193
0.15223455
0.15447342
0.119808234
0.09332885
0.06253569
0.070865005
0.066993654
0.063284695
0.0654873
0.052279975
0.057414856
0.052769355
0.050233327
0.045036063
0.03530021
0.029326377
0.02398446
0.02176879
0.022452384
0.015828628
0.012615628
0.010748107
0.0049331062
0.00080400327
0
0
0
0
0
0
0
0
0
0
0
0
0.0035482782
0
0
0
0
0
0
0
0
0
0
0
0
0
0
0
0
0
0
0
0
0
0.00070896116
0
0
0
0
0
0
0
0
0
0
0
0
0
0
0
0
0
0
0
0
0
0
0
0
0
0
0
0
0
0
0
0
0
0
0
0
0
0
0
0
0
0
0
0
0
0
0
0
0
0
0
0
0
0
0
0
0
0
0
0
0
0
0
0
0
0.001625084
0
0
0
0
0
0
0
0
0
0
0
0
0
0
0
0
0
0
0
0
0.37286502
1
1
0.12935947
0.098573714
0.2973102
0.18770285
0.26389953
0.24988271
0.23065534
0.16013454
0.10252692
0.038940646
0.01116936
0.0003221253
0
0.00018738018
0
0
0.00084328547
0.00010562674
0
0.43289304
1
0.623664
0.03099743
0
0.018035905
0.0008139041
0
0
0
0
0
0.0013804231
0.00025899636
0
0
0
0
0
0
0
0
0
0
0
0
0
0
0
0
0
0
0
0
0
0
0
0
0
0
0
0
0
0
1
1
0.39333183
0.009393155
0.0060137915
0.014608554
0
0
0
0
0
0
0
0
0
0
0
0
0
0
0
0
1
1
0.39784002
0
0.008766154
0.00437661
0
0
0
0
0
0
0
0
0
0
0
0
0
0
0
0
0
0
0
0
0
0
0
0
0
0
0
0
0
0
0
0
0
0
0
0
0
0
1
1
0.23255199
0.005591203
0.0027889241
0.009831791
0
0
0
0
0
0
0
0
0
0
0
0
0
0
0
0.5102606
1
0.7146496
0.23381251
0.082996085
0.011589211
0
1
0.79456544
0.68763506
0.44307125
0.76645195
1
0.85682833
1
0.7553683
1
0.85779136
1
0.8953251
1
1
1
1
0.6706812
0.45675153
0.093673006
0.15676376
0.055652477
0.04304225
0.051023323
0.047873743
0.041924864
0.019612402
0.00449636
0.00042136008
0.0020498794
0.0013826032
0.00028420493
0.0008016839
0.004156669
0.0039381646
0.0029220644
2.0792906E-05
0.95853364
0.9994963
0.4581946
0.12902835
0.042545166
0.0020064898
0
0
0
0
0
0.0008767211
8.7403736E-05
0.00018038694
3.1580432E-05
0
0
0
0
0
0
0
1
1
0.6925393
0.13358952
0.011126379
0.0047797626
0.0024281333
0
0
0
0
0.0014968336
0.00011910728
0
0
0
0
0
0
0
0
0
1
0.95706093
0.27604607
0.084392406
0.014906074
0
0
0
0
0
0
0.0024257642
0
4.0318788E-05
0
0
0
0
0
0
0
0
1
1
0.41798952
0.082716584
0.024670307
0.01220212
0
0
0
0
0
7.69676E-05
0
0.00054348214
0
0
0
0
0
0
0
0.20235883
1
0.79993004
0.22576445
0.08554943
0.01694216
0
0
0
0
0
0.0014819424
0
4.0829837E-05
0.0009982835
0
0
0
0
0
0
0
0.16245894
1
1
0.12530145
0.050840613
0.018244348
0.0033566386
0
0
0
0
0
0.00024923412
0.00021311808
0.00031309866
0
0
0
0
0
0
0
0.57870966
1
0.73199224
0.18382876
0.10951192
0.056586374
0.0005845286
0
0
0
0
0.8883366
1
0.6079512
0.15744106
0.07906468
0.0605221
0.0004628841
0
0
0
0
0.3850094
1
0.833306
0.122024946
0.030131802
0.019033596
0.0034586014
0
0
0
0
0
0
0
0
0
0
0
0
0
0
0
0.07731266
0.375342
0.06630308
0
0
0
0
0
0
0
0
0
0
0
0
0
0
0
0
0
0
0
0
0
0
0
0
0
0
0
0
0
0
0
0
0
0
0
0
0
0
0
0
0
0.1696072
0.32444537
0.015042986
0
0
0
0
0
0
0
0
0
0
0
0
0
0
0
0
0
0
0
1
1
0.299662
0.024054274
0.00053044694
0.0025159598
0
0
0
0
0
0
0
0
0
0
0
0
0
0
0
0
0
0
0
0
0
0
0
0
0
0
0
0
0
0
0
0
0
0
0
0
0
0.08258656
1
1
0.16435494
0
0.01684186
0.0019687132
0
0
0
0
0
0
0
0
0
0
0
0
0
0
0
0
0
0
0
0
0
0
0
0
0
0
0
0
0
0
0
0
