0
0.05123972
0.0004824414
0.3907603
0.23310865
0.21260582
0.19357523
0.12246614
0.18881877
0.24979907
0.2896911
0.26034546
0.26236272
0.074034736
0.22933757
0.16548209
0.18214051
0.17579679
0.08602795
0.16172707
0.15055718
0.15869652
0.16027522
0.13013302
0.07197991
0.23821022
0.16005334
0.19457833
0.1751028
0.14681998
0.053579755
0
0
0
0
0
0.1747907
0.12342085
0.12801988
0.112234205
0.079321735
0.04385823
0.024344292
0.015226341
0.009940342
0.0032360037
0.0015679453
0.21667786
0.2781884
0.2538161
0.26516384
0.2248654
0.036991756
0.24110335
0.15896481
0.14996593
0.13544233
0.07499899
0.03287741
0
0
0
0
0.10382685
0.12347125
0.13956451
0.16331674
0.15802483
0.10085225
0.028144967
0
0
0
0
0
0
0
0
0
0
0
0
0
0
0
0
0
0
0
0
0
0.27032748
0.24428944
0.23524109
0.23339482
0.10896435
0.1354966
0.31445122
0.31334278
0.29337618
0.19454345
0.14009383
0.2252821
0.28581563
0.23246239
0.17819317
0.15784475
0.12817803
0.21186164
0.23990841
0.24410395
0.16926813
0.034965623
0.2117982
0.18095246
0.17432253
0.14949009
0.082685396
0
0
0
0
0
0.11970111
0.20977983
0.15490344
0.14207715
0.1401632
0.10540566
0.074073754
0.05215993
0.034918748
0.025213266
0.016836386
0.0070605213
0.07540113
0.026530063
0.024848415
0.029522374
0.011167354
0.023568602
0.23962565
0.19055304
0.13914825
0.13386667
0.070122376
0.03894186
0
0
0
0
0.22375986
0.15237075
0.12786624
0.11289593
0.087659515
0.05328414
0.0009544833
0
0
0
0
0
0
0
0
0
0
0
0
0
0
0
0
0
0
0
0
0.1680647
0.20873779
0.20897116
0.20979019
0.12116377
0.17688732
0.3331454
0.3005376
0.21634541
0.22996224
0.036965355
0.21861282
0.15547924
0.1866595
0.18051149
0.1173614
0.17310919
0.1504453
0.18948486
0.16311356
0.081331134
0.007890067
0.19992873
0.10437295
0.10650005
0.082589604
0.027265377
0
0
0
0
0
0
0.19721195
0.10419329
0.09983535
0.08248488
0.066540964
0.048378095
0.038870856
0.022546886
0.020875175
0.015073109
0.0053780004
0.22974554
0.0968598
0.051661436
0.030881518
0.020200528
0.009168175
0.23344886
0.2152847
0.2111136
0.14795122
0.124914944
0.05371446
0.015122689
0
0
0
0.1526376
0.16144103
0.18217604
0.1738076
0.1380593
0.06569097
0
0
0
0
0
0
0
0
0
0
0
0
0
0
0
0
0
0
0
0
0
0
0.25836602
0.18761644
0.20179906
0.2010224
0.11593139
0.2522706
0.2498747
0.23394652
0.17916657
0.11174132
0.019420939
0.30331185
0.18732968
0.121244974
0.06056406
0.052995205
0.19021268
0.1282219
0.14778852
0.13128331
0.0882617
0.15675566
0.19677761
0.1493711
0.034433145
0.024430389
0.035851486
0.058455065
0.06332991
0.05284339
0.03673471
0.027772348
0.10666202
0.14426544
0.099348485
0.051520556
0.02991327
0.0027744526
0.22066456
0.1256688
0.10116275
0.07418824
0.038687546
0.12506054
0.10266868
0.09701529
0.07073352
0.069619074
0.040110428
0.282237
0.15786457
0.18153407
0.1800578
0.12570886
0.1424448
0.06831002
0.044242963
0.005343133
0
0.015883738
0.1934214
0.0648659
0.055421047
0.040168207
0.09063534
0.22882393
0.20589712
0.21589166
0.16252401
0.105519325
0.033315334
0.207714
0.113996536
0.07492541
0.0420249
0.02592356
0.18581097
0.06454658
0.04274806
0.027375832
0.0020068502
0.09714841
0.16206901
0.12257993
0.09808563
0.09135157
0.026798507
0.21945567
0.15421091
0.17851642
0.1345012
0.0671543
0.045028187
0.256332
0.15273531
0.14931738
0.117462054
0.10530468
0.32766414
0.19212575
0.20314786
0.20364417
0.19339907
0.2093318
0.17810442
0.10810733
0.08636413
0.09106329
0.005159446
0.12879565
0.09036987
0.09558569
0.0667686
0.033594124
0
0
0
0
0
0.04417373
0.16629143
0.09490485
0.10378117
0.08794533
0.0696178
0.05674304
0.032437764
0.028839951
0.013537655
0.004140922
0
0.12280091
0.029601378
0.010927357
0.0038664902
0
0.038900577
0.35722032
0.34311515
0.3095353
0.28350273
0.18069178
0.10683378
0.023734136
0
0
0
0.18017867
0.1703383
0.1484087
0.1447105
0.09768392
0.06739798
0.0029405751
0
0
0
0
0
0
0
0
0
0
0
0
0
0
0
0
0
0
0
0
0
0
0
0
0
0
0
0
0
0
0
0
0
0
0
0
0
0
0
0
0
0
0.057930414
0.1183832
0.1649426
0.11463794
0.020347685
0
0
0
0
0
0
0.004174211
0.14540762
0.16093428
0.15409863
0.118843324
0.078368865
0.06269847
0.036636807
0.016119575
0.010127392
0.0012758895
0
0
0
0
0
0
0.1840967
0.26995507
0.3067176
0.32077214
0.22429034
0.19630134
0.046878424
0
0
0
0
0.17196135
0.11318747
0.11316719
0.115730256
0.06507222
0.004733242
0
0
0
0
0
0
0
0
0
0
0
0
0
0
0
0
0
0
0
0
0
0
0
0
0
0
0
0
0
0
0
0
0
0
0
0
0
0
0
0
0
0
0
0.07820649
0.0850492
0.12204082
0.11778529
0.0677593
0.020254543
0
0
0
0
0
0.10566165
0.0962674
0.082552776
0.08308948
0.06715275
0.06561343
0.051791176
0.04980619
0.048259668
0.034338307
0.00769492
0.01920768
0.0075315284
0.0023345994
0.0012533802
0
0.008102666
0.30865833
0.19874966
0.17624761
0.12067122
0.08054394
0.004592003
0
0
0
0
0.1125684
0.13695921
0.14114115
0.14570455
0.13267024
0.10592835
0.007679613
0
0
0
0
0
0
0
0
0
0
0
0
0
0
0
0
0
0
0
0
0.069001384
0.1289267
0.08025003
0.054143254
0.043035787
0.022069631
0.19914988
0.15857983
0.20783433
0.14732571
0.12884688
0.0074430243
0.20776303
0.058929928
0.09303061
0.0867434
0.04902039
0.17129011
0.24176332
0.1823382
0.14732364
0.08393667
0.091266364
0.1301304
0.056291945
0.06955286
0.03866545
0.004290574
0.1669975
0.10681164
0.12277734
0.1148704
0.0784266
0.13074048
0.11118055
0.12210192
0.1075022
0.085782595
0.000533584
0.20474225
0.19022979
0.20456694
0.20454478
0.1287154
0.01749224
0.042651925
0.025731936
0.0033697516
0.010432011
0.0046719457
0.1349583
0.07406933
0.09219947
0.08844878
0.0506917
0.123660214
0.05949146
0.039167184
0.017828569
0.0058679753
0.0006860119
0.18642265
0.095040865
0.064162076
0.0435196
0.022923416
0.14071573
0.08685877
0.12227579
0.09036838
0.05595443
0.04697221
0.28123465
0.15419123
0.10260286
0.046798952
0.010946116
0.1866857
0.059419647
0.038058214
0.05250262
0.031832326
0.017199522
0.22723961
0.09794832
0.0597174
0.05069857
0.03131467
0.15421885
0.10952669
0.15738347
0.18270965
0.1508751
0.10894489
0.2379682
0.15547542
0.13480082
0.14503726
0.05293887
0.21683416
0.068445124
0.083570056
0.08488817
0.06777052
0.027733957
0.1684067
0.081394956
0.047225725
0.06608351
0.028428743
0.085593805
0.035186723
0.013528968
0.0042549726
0
0
0
0
0
0
0
0.14312273
0.08934846
0.04548518
0.025214385
0.024538673
0.021459378
0.019231997
0.021319851
0.014991528
0.012553704
0.20938566
0.4149136
0.32316375
0.31246573
0.25348076
0.2122195
0.23002446
0.20626053
0.2330215
0.22983451
0.17198671
0.17831908
0.20905499
0.22780053
0.20794716
0.20805563
0.20354868
0.21885744
0.20703444
0.21742716
0.22136436
0.21434936
0.23063119
0.55318856
0.5339852
0.55730295
0.5239176
0.52325034
0.4585238
0.4569651
0.48969048
0.47793648
0.4578213
0.40662685
0.4462797
0.4388803
0.42453024
0.4289925
0.35970798
0.2868047
0.23030272
0.22717
0.23173831
0.21097773
0.12406894
0.52765644
0.36093485
0.37384674
0.41690904
0.40464422
0.41238487
0.41152784
0.4322028
0.42338133
0.42467192
0.39302477
0.324249
0.30977035
0.34216872
0.2478795
0.22405751
0.2022849
0.20405363
0.18083364
0.16639045
0.15135431
0.33864194
0.41515324
0.66948366
0.6614627
0.5457735
0.39808685
0.38341266
0.3702513
0.3631597
0.37560833
0.33357295
0.30657384
0.29911953
0.32840553
0.3454848
0.37846488
0.3228091
0.31062388
0.3069934
0.24302301
0.25069305
0.21319754
0.33560717
0.21914624
0.0668618
0.012761098
0.0014242042
0.12147567
0.18318804
0.08199383
0.04078494
0.019882878
0.020747503
0.36670637
0.2103818
0.21924038
0.24451321
0.1422552
0.2600263
0.25119472
0.21336581
0.18245558
0.14408518
0.21386229
0.26308987
0.24993187
0.2590913
0.22741273
0.1327705
0.25344154
0.13197836
0.10110964
0.045996673
0.06442903
0.29563612
0.173763
0.17927554
0.20617004
0.18881801
0.087571524
0.19109277
0.07871728
0.10463222
0.03833967
0.038245972
0.28287357
0.18049547
0.19285834
0.23043112
0.22685121
0.22806115
0.2354194
0.23710036
0.23978265
0.23403792
0.19594136
0.097533524
0.07148692
0.03487652
0.01650434
0.03315402
0.036320742
0.024208443
0.027370704
0.030725304
0.03554911
0.03428138
0.046698198
0
0.014969239
0.041035768
0.03793305
0.03291918
0.020503843
0.018175164
0.015266756
0.016801791
0.014479732
0.00869914
0.048448484
0.18208715
0.15960233
0.1352421
0.1937433
0.24353784
0.22570448
0.21712708
0.22835024
0.2027886
0.169218
0.7428503
0.6852543
0.6900114
0.65804636
0.6603438
0.5838468
0.5776202
0.52386796
0.46955788
0.3713159
0.29729134
0.2981895
0.31358474
0.2849587
0.2965867
0.2701581
0.1989361
0.17847434
0.18202297
0.20728746
0.21328491
0.18967731
0.66011137
0.6608138
0.65459716
0.61410856
0.57078636
0.52168244
0.5199756
0.49685872
0.5152772
0.5707243
0.61437184
0.5295965
0.42453593
0.39200598
0.33301067
0.27573615
0.30772856
0.28190342
0.2639359
0.27995974
0.278674
0.17712423
0.5222478
0.67541105
0.5732762
0.5775248
0.5683167
0.5163947
0.523608
0.52831036
0.4926151
0.46447018
0.4115653
0.368548
0.3156844
0.293092
0.29397377
0.2892036
0.2689018
0.26042533
0.113699704
0.041433934
0.21111166
0.6642363
0.26212615
0.3020308
0.32604292
0.36020443
0.41537872
0.4286458
0.4286844
0.4409968
0.44078583
0.40779793
0.36121494
0.29699343
0.33737442
0.48130006
0.3930451
0.37010306
0.3540357
0.43199608
0.4543799
0.5052322
0.3787929
0.60687166
0.5113206
0.53016895
0.45171702
0.45186022
0.42456216
0.384331
0.33129317
0.33455345
0.31526402
0.3322759
0.3156874
0.28754663
0.26296306
0.26900244
0.25540802
0.26190364
0.22928467
0.1972911
0.21037918
0.2211422
0.20545112
0.17779039
0.18168524
0.17209278
0.17595237
0.16665523
0.14864175
0.14861532
0.13873458
0.13573068
0.12881778
0.12733948
0.12200243
0.12661538
0.13288125
0.12988052
0.12281651
0.11556914
0.10865419
0.10877074
0.0969614
0.08980559
0.085378066
0.08284526
0.07324379
0.06535411
0.06710404
0.062695295
0.061193366
0.059865322
0.05356334
0.052842636
0.045112196
0.03851288
0.030553851
0.030727891
0.03011958
0.023464248
0.019410081
0.021673132
0.015697444
0.009705583
0.005391384
0.0019266554
0.1179278
0.46033004
0.5781335
0.84101915
0.7266859
0.773367
0.73509216
0.85865724
0.95347327
0.79329485
0.7294755
0.7235998
0.88994884
0.8956586
0.8830421
0.77962697
0.6792246
0.7046916
1
1
1
1
0.99909055
0.58230025
0.13365133
0.0018159219
0
0
0
0
0
0
0
0.71634597
1
1
1
1
1
0.48853168
0.020190092
0
0
0
0.3279879
0.7648539
1
1
1
1
1
1
1
1
1
1
1
0.9967007
0.8727096
0.7504217
0.72689915
0.68859965
0.74044615
0.78527045
0.7767962
1
1
0.7674152
0.7100229
0.7204935
0.8721711
0.964819
0.8229102
1
1
1
0.79319
1
1
1
1
1
0.99191666
1
1
1
1
0.83881795
0.80601674
0.62098515
0.69014496
0.76652735
0.67184865
0.743188
0.9234813
0.9019577
0.9889918
1
1
1
1
1
1
1
1
1
1
1
1
1
0.89042753
0.32341677
0
0
0
0
0
0
0
0
0.028676268
0.8315792
0.91633147
1
1
1
0.55193007
0.054922014
0
0
0
0
0.67388344
0.7133667
0.86320496
0.9995474
0.9947852
1
1
1
1
1
1
1
1
0.89745826
0.84450287
0.6982704
0.840861
1
0.95918614
1
0.88564837
0.7765669
1
0.7680268
0.749067
0.73566276
0.9104861
0.93703866
0.8138288
0.79929584
0.9297672
0.9905722
0.993193
0.9373282
0.8403526
0.77778035
0.8913504
0.9712105
0.9799833
0.69295895
0.64754236
0.57054913
0.59515506
0.62906206
0.7716596
0.62120146
0.62653446
0.64963174
0.6717573
0.66751426
0.76794606
0.82729876
0.9893059
0.8689336
0.9903091
1
0.94272774
0.96245813
0.96631736
0.8164951
1
1
1
1
1
0.72133285
0.20799649
0.034419876
0
0
0
0
0
0
0
0
0.5744767
1
1
1
1
1
0.5293992
0.0240604
0
0
0
0.31758785
0.68040836
1
1
1
1
1
1
1
1
1
0.9746902
0.88018346
0.8007922
0.77515185
0.83996874
0.6994036
0.8180033
0.8878772
0.96460724
1
1
1
1
1
1
1
1
0.6620391
1
1
1
1
0.7124222
1
1
0.9627197
1
0.8908493
0.43883342
1
1
0.9011897
0.74848783
0.6089661
0.5617564
0.66746235
0.7819109
0.8829128
1
1
1
0.99648124
0.9355562
0.76677364
0.7742926
1
1
1
1
1
0.98832625
1
1
1
0.8894113
0.56532454
0.36608136
0
0
0
0
0
0
0
0
0
1
1
1
1
0.917838
0.42065236
0.02593899
0
0
0
0
0.5489915
0.7028846
0.59015346
0.5888938
0.45728397
0.36177075
0.27447587
0.26128814
0.01927931
0
0
0
0
0
0
0
0
0
0
0
0
0.15780663
0.9736148
0.6858203
0.62594205
0.59407604
0.5655294
0.49640235
0.30755398
0.23027898
0.035036698
0
0
0
0
0
0
0
0
0
0
0
0
0.342019
0.686291
0.7231426
0.7495074
0.71674734
0.76393145
0.7271174
0.43025488
0.11324743
0.014645915
0
0
0
0
0
0
0
0
0
0
0
0
0
0
0
0
0
0
0
0
0
0
0
0
0
0
0
0
0
0
0
0
0
0
0.27511466
0.28035074
0.24053101
0.2310974
0.22084823
0.19244236
0.20544548
0.21564098
0.21554871
0.20567982
0.20037203
0.122277856
0.3351335
0.19810463
0.22624892
0.22150669
0.22803062
0.21169908
0.20914938
0.20388542
0.19439963
0.21514265
0.115369074
0.16670665
0.14702529
0.14529158
0.117045924
0.033182908
0.13073885
0.1411034
0.1246733
0.09890529
0.06470404
0.11071222
0.13479894
0.1271533
0.13160479
0.1248586
0.05141203
0.19479768
0.12637508
0.113093674
0.07511257
0.033846807
0.17556828
0.11379222
0.14185075
0.12481671
0.07398602
0.101114556
0.16908027
0.15061642
0.15533525
0.076625206
0.039179657
0.19427624
0.22887632
0.21785238
0.19652006
0.116138466
0.16519956
0.14370906
0.20674786
0.12782142
0.12572925
0.0604399
0.28461182
0.25318974
0.3047679
0.28580508
0.27048248
0.2744512
0.27575213
0.27187535
0.24131079
0.2547148
0.16387607
0.008837866
0
0
0
0
0
0
0
0
0
0
0.10839309
0.106788
0.11468382
0.14222057
0.14672522
0.15259594
0.16167536
0.16557515
0.15959223
0.16553949
0.1072896
0.3153489
0.20364307
0.17398961
0.14774083
0.15505284
0.18420497
0.18017802
0.17940888
0.16387412
0.16218549
0.11256075
0.18855701
0.1636064
0.17632326
0.20020893
0.15367013
0.015943063
0.20533255
0.11532864
0.1579246
0.084484175
0.050426427
0.21474266
0.058797635
0.06994646
0.06551325
0.04325617
0.13814785
0.16917445
0.13215448
0.0970157
0.06103807
0
0.1469767
0.06017327
0.045319263
0.04058026
0.02395859
0.12828705
0.13373104
0.13848338
0.11455656
0.058604505
0.12596512
0.18531622
0.19469288
0.17281716
0.17096308
0.07140533
0.21905448
0.10258718
0.12308277
0.07416259
0.036867347
0.18311009
0.1541771
0.14914785
0.19279934
0.24100974
0.2745516
0.2639945
0.25784644
0.21565066
0.26322004
0.21406627
0.10405078
0.40281478
0.27619597
0.2306415
0.23084144
0.21457714
0.22952269
0.13931309
0.2044304
0.19335972
0.18798484
0.15615216
0.1122736
0.12245534
0.123970225
0.13692462
0.14983049
0.12272877
0.12639223
0.11734399
0.11779838
0.07068082
0.16122586
0.26935443
0.2219696
0.190282
0.1386112
0.1659094
0.18130188
0.22091165
0.22776273
0.21350741
0.22181317
0.21304308
0.16395396
0.11908211
0.11069521
0.05291851
0.022787003
0.16995853
0.1571016
0.12350515
0.102122314
0.08201985
0.10826727
0.09575141
0.073336
0.06896741
0.08362029
0.006520813
0.23019484
0.07002051
0.07363181
0.049923964
0.014323244
0.09662923
0.050210387
0.047388602
0.04514237
0.04795796
0.0007658524
0.23359403
0.1072883
0.068983845
0.031399004
0.019992188
0.29067165
0.2107272
0.19955215
0.15162827
0.10566196
0.18328956
0.17647053
0.23000635
0.20107044
0.15237503
0.039887954
0.22483398
0.14859134
0.18973169
0.22767878
0.27236232
0.25995204
0.24765687
0.25105757
0.2587395
0.2330631
0.17565112
0.47388476
0.22951357
0.23399644
0.18788585
0.1940456
0.21822928
0.21268211
0.22018583
0.22460793
0.2040636
0.10046178
0.22439595
0.173128
0.113768004
0.12539384
0.13117102
0.15785816
0.13291462
0.10749932
0.11763282
0.07483326
0.073578514
0.17190096
0.12964737
0.14296581
0.15308692
0.122651696
0.080840945
0.25315875
0.12860121
0.14684395
0.11361177
0.07296146
0.09248542
0.023310231
0.020283574
0.021610126
0.019474007
0.11658976
0.08924325
0.05211054
0.046394918
0.03766356
0.014612733
0.19210559
0.077052176
0.07520203
0.066419706
0.046228297
0.17567453
0.18733825
0.18236344
0.15805645
0.0979712
0.09275757
0.097713724
0.10156833
0.06713813
0.056243554
0.040877447
0.22667244
0.09364787
0.027989298
0.014346108
0.013700005
0.050847627
0.18392463
0.004992271
0.0026325213
0.0036890078
0.00071631547
0.17390624
0.022467522
0.016591132
0.010435989
0.025670942
0.20015727
0.09376219
0.07139062
0.047483344
0.031098828
0.021830216
0.023795329
0.20887221
0.077185296
0.08118806
0.06644689
0.09592981
0.14134446
0.06819773
0.09162173
0.05947271
0.03589513
0.19625662
0.03994801
0.03458119
0.032919195
0.03191965
0.6716764
0.50195706
0.6773608
0.7386642
0.7307198
0.90316916
1
1
1
1
0.99583423
0.80179244
0.5457217
0.86131763
0.78850985
0.817415
0.89754266
1
1
1
1
1
0.1352492
0
0
0
0
0
0
0
0
0
0
0
0
0
0
0
0
0
0
0
0
0
0
0
0
0
0
0
0
0
0
0
0
0
0
0
0
0
0
0
0
0
0
0
0
0
0
0
0
0
0
0
0
0
0
0
0
0
0
0
0
0
0
0
0
0
0
0
0
0
0
0
0
0
0
0
0
0
0
0
0
0
0
0
0
0
0
0
0
0
0
0
0
0
0
0
0
0
0
0
0
0
0
0
0
0
0
0
0
0
0
0
0
0
0
0
0
0
0
0
0
0
0
0
0
0
0
0
0
0
0
0
0
0
0
0
0
0
0
0
0
0
0.5008835
0.6127422
0.634842
0.86910546
0.7837793
0.9377788
0.9837424
0.97976667
1
0.995672
0.82749975
0.84105515
0.63160574
0.7076701
0.87282705
0.98798114
1
1
1
1
1
1
0.7378475
0.75805724
0.93948025
0.91104645
0.8384334
1
1
1
1
1
1
0.22511129
0.4079191
0.32775024
0.2515988
0.15141045
0.09074272
0.22990742
0.26559976
0.16538735
0.079659045
0.041873615
0.27914205
0.28543416
0.1488734
0.16108222
0.11264533
0.025130682
0.28801957
0.11741158
0.07507032
0.06251993
0.050263133
0.42969757
0.18502797
0.17585443
0.14232427
0.08775767
0.016948592
0.24671191
0.13437794
0.10447437
0.10031211
0.12642303
0.55071247
0.3612462
0.37386656
0.315097
0.15252998
0.21810651
0.2818392
0.26240307
0.21329017
0.19472408
0.05621619
0.44000688
0.41892108
0.4666436
0.39937088
0.3713061
0.3452055
0.33612826
0.2877405
0.1994522
0.18647821
0.09831107
0.558144
0.33902565
0.31835258
0.3324888
0.24445963
0.24639787
0.21430078
0.22991376
0.17590667
0.14459209
0.092067525
0.5702013
0.2578992
0.28435084
0.24891043
0.25869647
0.24969938
0.23977011
0.20349856
0.17276224
0.18787631
0.16318816
0.21972431
0.19564827
0.20282651
0.19979446
0.17552665
0.1885298
0.17467317
0.18343496
0.16678037
0.20381732
0.15035746
0.17579684
0.18332222
0.16740468
0.18426464
0.16864248
0.16675773
0.17637633
0.20715329
0.1615894
0.1722513
0.1514827
0.14981054
0.16134278
0.15096948
0.15409175
0.14128357
0.1700688
0.14898923
0.14116304
0.15699254
0.11784032
0.13563885
0.52601445
0.24335776
0.29211977
0.23976718
0.2064536
0.20621802
0.2143246
0.20500775
0.18729813
0.20089203
0.20895624
0.19562504
0.18214601
0.17405461
0.18611982
0.18050191
0.16224802
0.17587139
0.19502169
0.19808099
0.14710522
0.18463725
0.62757224
0.382549
0.34452546
0.25453252
0.22587408
0.19698547
0.18541566
0.1664533
0.15300803
0.16405764
0.16323577
0.15240912
0.17352296
0.17130056
0.14918962
0.14530931
0.1294047
0.10428305
0.09107175
0.07033459
0.026987126
0.013538387
0.12246275
0.06867481
0.15980622
0.14791541
0.09958242
0.06256222
0.03294325
0.021679463
0.025129952
0.017212328
0.0011588065
0
0
0
0
0
0
0
0
0
0
0.00034949186
0.11460909
0.032110747
0.10323975
0.10742815
0.079537496
0.03934876
0.022494433
0.013090984
0.0144723775
0.010351661
0
0
0
0
0
0
0
0
0
0
0
0
0
0
0
0
0
0
0
0
0
0
0
0
0
0
0
0
0
0
0
0
0
0.14334743
0.02366777
0.07704893
0.11014117
0.092509255
0.050894488
0.026058448
0.019564897
0.014886113
0.009896455
0.0077819307
0
0
0
0
0
0
0
0
0
0
0
0.12617268
0.015413121
0.11515478
0.12465353
0.08757808
0.05567232
0.02513312
0.012017097
0.0098993415
0.0066517103
0.003369941
0
0
0
0
0
0
0
0
0
0
0
0
0
0
0
0
0
0
0
0
0
0
0
0
0
0
0
0
0
0
0
0
0
0.1371327
0.0043510757
0.096161395
0.1065891
0.092203885
0.075936735
0.06543966
0.041212365
0.038091924
0.025459098
0.009219228
0
0
0
0
0
0
0
0
0
0
0
0
0
0
0
0
0
0
0
0
0
0
0
0
0
0
0
0
0
0
0
0
0.42004377
0.20624089
0.10889806
0.17900614
0.1729708
0.1516214
0.1423532
0.1428523
0.13195764
0.112703376
0.052538324
0.23089263
0.29104117
0.28679007
0.29286358
0.26890212
0.32435167
0.29552332
0.30587497
0.27339116
0.26220113
0.22943339
0.10038872
0.26723465
0.1486751
0.1534274
0.14062159
0.09518184
0.06567637
0.24854158
0.11402825
0.06806379
0.043630585
0.24476007
0.119567476
0.118253626
0.09803571
0.082997285
0.031172257
0.2569048
0.14594159
0.10553418
0.08962969
0.06907023
0.32847705
0.10145537
0.098073885
0.098806776
0.09025493
0.0076732864
0.22398394
0.10018567
0.099278815
0.08048172
0.08990353
0.48907295
0.26434916
0.2963751
0.2888739
0.18807065
0.14609936
0.101999015
0.09673933
0.09460644
0.043396696
0.061104175
0.3360601
0.23417957
0.28162578
0.29207504
0.2570083
0.22433661
0.19752929
0.18572292
0.15590143
0.12845507
0.07348442
0.5841161
0.28371942
0.28905392
0.22867922
0.31748855
0.23426175
0.27633667
0.19485956
0.23199555
0.17310956
0.17276788
0.32133555
0.03853841
0.058148466
0.13203177
0.14865759
0.12778409
0.096789226
0.062497314
0.036545865
0.024264984
0.026581053
0.31459734
0.33798373
0.35734725
0.37711817
0.3520892
0.29761446
0.27197954
0.24468082
0.25365615
0.27517182
0.20049433
0.17774473
0.15627727
0.12175292
0.1717197
0.15066394
0.008634673
0.33157283
0.15538639
0.16755538
0.08236652
0.098068714
0.47493443
0.16127485
0.10180698
0.13469727
0.09910943
0.14004192
0.14434059
0.14055929
0.116087765
0.0770964
0.26406592
0.10530504
0.07304933
0.059068695
0.04071021
0.0016489316
0.15187636
0.12735355
0.14892222
0.087579705
0.03682438
0.22714177
0.16511951
0.19840407
0.16840938
0.14743817
0.041632496
0.26194057
0.20142101
0.14653035
0.13460204
0.122013204
0.024414556
0
0
0
0
0
0
0
0
0
0
0
0
0
0
0
0
0
0
0
0
0
0.054840975
0.09579314
0.115281194
0.16936141
0.17019655
0.13524233
0.085818835
0.052634787
0.038416103
0.028901702
0.014828899
0
0
0
0
0
0
0
0
0
0
0
0.08503236
0.20437798
0.12864488
0.15886107
0.106808566
0.07490056
0.057499398
0.054386985
0.059612717
0.06530653
0.05239469
0
0
0
0
0
0
0
0
0
0
0
0
0
0
0
0
0
0
0
0
0
0
0
0
0
0
0
0
0
0
0
0
0
0.078415714
0.027635677
0.010603537
0.036656678
0.02615455
0.025459591
0.01671047
0.01686909
0.010750173
0.004935975
0.001306477
0
0
0
0
0
0
0
0
0
0
0
0.3245557
0.045818757
0.13462877
0.17456852
0.1656886
0.13089055
0.07878206
0.085072234
0.10289804
0.10433212
0.08046772
0
0
0
0
0
0
0
0
0
0
0
0
0
0
0
0
0
0
0
0
0
0
0
0
0
0
0
0
0
0
0
0
0
0.25309783
0.012444581
0.09981029
0.18129294
0.16934337
0.14460203
0.12653416
0.09362914
0.10907583
0.09312276
0.029023247
0
0
0
0
0
0
0
0
0
0
0
0
0
0
0
0
0
0
0
0
0
0
0
0
0
0
0
