0
0
0
0
0
0
0
0
0
0
0
0
0
0
0
0
0
0
0
0
0
0
0
0
0
0
0
0
0
0
0
0
0
0
0
0
0
0
0
0
0
0
0
0
0
0
0
0
0
0
0
0
0
0
0
0
0
0
0
0
0
0
0
0
0
0
0
0
0
0
0
0
0
0
0
0
0
0
0
0
0
0
0
0
0
0
0
0
0
0
0
0
0
0
0
0
0
0
0
0
0
0
0
0
0
0
0
0
0
0
0
0
0
0
0
0
0
0
0
0
0
0
0
0
0
0
0
0
0
0
0
0
0
0
0
0
0
0
0
0
0
0
0
0
0
0
0
0
0
0
0
0
0
0
0
0
0
0
0
0
0
0
0
0
0
0
0
0
0
0
0
0
0
0
0
0
0
0
0
0
0
0
0
0
0
0
0
0
0
0
0
0
0
0
0
0
0
0
0
0
0
0
0
0
0
0
0
0
0
0
0
0
0
0
0
0
0
0
0
0
0
0
0
0
0
0
0
0
0
0
0
0
0
0
0
0
0
0
0
0
0
0
0
0
0
0
0
0
0
0
0
0
0
0
0
0
0
0
0
0
0
0
0
0
0
0
0
0
0
0
0
0
0
0
0
0
0
0
0
0
0
0
0
0
0
0
0
0
0
0
0
0
0
0
0
0
0
0
0
0
0
0
0
0
0
0
0
0
0
0
0
0
0
0
0
0
0
0
0
0
0
0
0
0
0
0
0
0
0
0
0
0
0
0
0
0
0
0
0
0
0
0
0
0
0
0
0
0
0
0
0
0
0
0
0
0
0
0
0
0
0
0
0
0
0
0
0
0
0
0
0
0
0
0
0
0
0
0
0
0
0
0
0
0
0
0
0
0
0
0
0
0
0
0
0
0
0
0
0
0
0
0
0
0
0
0
0
0
0
0
0
0
0
0
0
0
0
0
0
0
0
0
0
0
0
0
0
0
0
0
0
0
0
0
0.23754789
1
0.06426936
0.023135604
0.011691512
0
1
1
0.8546369
0.5699672
0.2772568
0.327918
0.34126383
0.088814
0.04638593
0.60812885
0.58964205
0.8364875
0.53656137
0.35288325
0.22164614
1
0.44278213
0.25494644
0.23079683
0.031934306
0.08788587
0.037096232
0.024212565
0.023957463
0
0.006650765
0
0
0
0.5342914
1
0.099639535
0.13808542
0.116139494
0.09593988
0.07885552
0.06664092
0.055032287
0.05151198
1
0.6714339
0.0868371
0.069818504
0.048668846
0.03676062
0.039361145
0.042821985
0.038472172
0.03341282
0.030306982
0.02613835
0.022876458
0.022779386
0.16098309
1
0.07746849
0.055285554
0.039228104
0.076058805
1
0.42914787
0.17871928
0.07435877
0.058121413
0.04854613
0.03052388
0.025778303
0.02247566
0.019730117
0.014430165
0.019218234
0.018738296
0.015838506
1
0.4579075
0.06330161
0.0645307
0.040307526
0.02675559
0.024983961
0.02151468
0.017996378
0.014280834
0.014044841
0.011184584
0.012979707
0.011054389
0.007171945
1
0.07412137
0.06179785
0.0282845
0.026211983
0.018434035
0.010833559
0.008755995
0.008727008
1
0.5643446
0.020883484
0.043277897
0.007567993
0.0058885524
0.0106920125
0.01231178
0.009418495
0.0065869302
0.0063439645
0.0075589195
0.0067417584
0.0065574315
0.0069812527
1
0.062334817
0.053844832
0.018557254
0.017633753
1
0.7479045
0.13828713
0.077823296
0.07175227
0.074081786
0.04009757
0.023495052
0.025257519
0.01776216
0.020205624
0.021749767
0.021526152
0.01785881
0.025558695
1
0.07900019
0.06940897
0.04154741
0.03237623
0.024114547
0.02033919
0.02195862
0.021719499
0.016398659
0.014285811
0.01584357
0.011210403
0.0077061206
1
0.7366657
0.10012151
0.13119103
0.115125656
0.099805646
0.0802156
0.07628666
0.061301008
0.05151219
1
0.10816519
0.083946854
0.07029654
0.06176586
0.04558842
0.041343346
0.048258428
0.043137968
0.045963634
0.036888383
0.0304577
0.028392036
0.028390067
1
0.62332916
0.05368171
0.06165576
0.032934267
0.30015814
1
0.55093926
0.17751954
0.092796244
0.07963615
0.054803953
0.03118238
0.026830252
0.025071261
0.025602752
0.034201697
0.03394831
0.030332532
0.01691446
1
0.7007403
0.04622937
0.05618463
0.02373142
0.015478459
0.015013489
0.007940554
0.006475445
0.0063086706
0.003424955
0.0035408458
0.003211954
0.0018114178
9.471223E-05
1
0.06638293
0.05564094
0.026411302
0.02376415
0.012559235
0.010011027
0.008549794
0.0068867914
1
0.7703101
0.041496318
0.03659376
0.0046762256
0.00067963987
0.014893782
0.008768946
0.0059054624
0.0053550326
0.006382062
0.004122745
0.0051019792
0.005067767
0.0039260173
1
0.06354367
0.05629484
0.016078701
0.010416276
1
0.6030558
0.12282266
0.08255288
0.05619575
0.043904483
0.033355374
0.023231508
0.016805343
0.016338414
1
0.082020536
0.07161466
0.021510866
0.021610212
1
1
0.5794143
0.12479145
0.10661657
0.08425772
0.07645568
0.022080852
0.0078115407
1
0.53814214
0.13687058
0.1312084
0.08037042
1
0.6536769
0.07689679
0.09609253
0.07378893
0.062304065
0.052714482
0.048112564
0.038681675
0.08920003
1
0.10863767
0.080921814
0.06793563
0.060812928
0.04166963
0.05188512
0.04332972
0.0324128
0.034762427
0.02977786
0.029103499
0.029907167
0.027548138
0.6252514
1
0.06784532
0.06548736
0.038409945
0.023805216
1
0.37259343
0.12254959
0.064959705
0.07917062
0.051512145
0.042141534
0.033846587
0.042226907
0.035298195
0.035086527
0.044026982
0.02725772
0.03481953
1
0.7758397
0.07045976
0.07077764
0.04193654
0.033676997
0.028589848
0.023557803
0.021484826
0.021078935
0.021423304
0.021184038
0.018280748
0.016062608
0.013590527
1
0.073814735
0.06420083
0.040083073
0.029463196
0.026241308
0.025773412
0.020981845
0.021900104
1
0.8674789
0.052597623
0.050512735
0.024161115
0.011764487
0.02087609
0.023764595
0.028843677
0.04423298
0.028055156
0.032760378
0.022870729
0.03128309
0.027673172
1
0.07118605
0.075925305
0.03516746
0.03305576
1
0.8529485
0.20225671
0.11599994
0.06726347
0.08699468
0.06275219
0.048922446
0.04378674
0.3543876
1
0.47494888
0.21476595
0.12679106
0.09691299
1
0.12346029
0.08168885
0.05312345
0.14786221
0.38228735
0.48598403
0.51244235
0.22235751
0.38265812
0.77978116
0.18011287
0.28733963
0.061190482
1
0.24493688
0.18462977
0.2659749
0.15158743
0.11559283
0.0825856
0.06414554
0.05884167
0.051435992
1
0.08009783
0.07106073
0.06148655
0.053806413
1
0.5362063
1
0.26134333
0.10291437
1
0.8584292
0.10509041
0.09917637
0.05568356
1
0.35928917
0.1611644
0.12160816
0.110225275
1
0.58884937
0.5881529
0.32206455
0.20195097
0.12866035
0.23834778
0.33465877
0.15842056
1
0.7865252
0.5193821
0.3487226
0.23104504
0.19257505
0.70607615
0.4040205
0.11706236
0.099502124
0.10766185
0.040533394
0.036461744
0.039884653
0.015105196
1
0.15860336
0.22965924
0.18676144
0.16722126
0.13804838
0.11813916
0.116226226
0.09009745
0.10809752
0.087534495
0.06687533
0.06554246
0.0615106
0.055614345
0.051221218
0.041790873
0.034512457
0.025463963
0.02022951
0.0092347115
0.007837638
0.0105629815
0.012586473
0.010200992
0.0087717865
0.0075732814
0.005535318
0.005925602
0.49810302
0.11936715
0.5383106
0.23650533
0.39682063
0.6749255
0.81613314
0.23077942
0.06399082
0.08963288
0.054237112
0.05199502
0.03768398
0.031105286
1
0.5812527
0.09037856
0.0046632965
0.0032738696
0.64340734
0.34817913
0.6042327
0.3592996
0.08380056
0.076086566
0.029529862
0.009400214
0.0060179466
0.0013991041
0.0009892617
0
0
0
0
0.020724602
1
0.07317252
0.04318361
0.049930576
0.025897935
0.018322825
0.013032907
0.0076280786
0.006686264
0.00458576
0
0
0
0
0.028187133
0.041393682
0.0003339181
0.0010257397
0.004826395
0.0004303645
0.0004901675
0.0010645727
0
0.28931245
0.79157716
0.013541127
0.00011781171
0
0
0.9250171
0.13183221
0.12906127
0.067496985
0.07604695
0.052635867
0.05937481
0.04031901
0.04018176
0.03017754
0.02043625
0.022122838
0.010705701
0.00697129
0.045192435
0.079608046
0.05366074
0.017829847
0.0025185188
0.005995705
0.0010751373
0
0
0
0.00046663944
0.0026498628
0.00017542118
0
0
0.95426995
0.5218658
0.05820658
0.012370921
0.00093320647
0.010808383
0.010059636
0.004269677
0.008559123
0.0034193827
0.00652127
5.3752796E-05
0
0
0
0.1412402
0.13864066
0.026307855
0.008311637
0.010668325
0.008540841
0.0021204348
0
0
1
0.034640547
0.012166216
0.0052001327
0.0020986833
0.4480394
0.47896633
0.2837789
0.13795812
0.07784702
0.078014396
0.057043556
0.044073023
0.025706908
0.018528176
0.01517828
0.0062359357
0.0001646591
0.0004000167
0
0.14176226
0.055925507
0.0066194404
0.007829331
0.0070701228
0.004716816
0.0017887346
0.00013702476
0
0.0027390784
0
2.5066362E-05
0
0
0
1
0.12523688
0.033199046
0.005581158
0.012197864
0.011935473
0.013108597
0.004699971
0.00055422465
0.0010691385
0
0
0
0
0
0.1597699
0.095015615
0.028853888
0.0029919355
0.00017277719
0
0
0
0.04010772
1
0.003484989
0.0018507275
0
0
0.637138
0.43617785
0.13190313
0.07489522
0.09692226
0.07636823
0.030161526
0.048411198
0.04467906
0.026127355
0.021400714
0.015002798
0.0049709543
0.002922411
0.000713649
0.1560423
0.08778353
0.015715841
0.0027643826
0.0015504797
0.0017884528
0.0023670192
3.309251E-05
0
0.0023969163
0
0.001992947
0.00048063477
0
1
0.3575473
0.04525947
0.011513007
0.015961472
0.021380307
0.011489385
0.013883714
0.009285884
0.01549276
0.007083868
0.0049162055
0.0017415182
7.853903E-06
0
0.15330192
0.063871115
0.016404478
0.004683886
0.0041703205
0.003439682
0.0016838562
0.0022039604
0.001410532
1
0.049040895
0.017726762
0.00018799641
0
0.4765562
0.57798296
0.19239321
0.16426234
0.088753775
0.06744161
0.063819245
0.031759355
0.03696776
0.3629878
1
0.016391994
0.06544182
0.004667231
0.011334995
0.093808584
0.11195534
0.07043857
0.0019200963
0.0014594303
0.0034735948
0.0026408453
0
0.0034102304
0.032659043
0.021918375
0.010915834
0.0090441285
0.0057306616
0.065853946
1
0.05382044
0.07417949
0.06855306
0.03651616
0.019789778
0.012891566
0.0064322427
0.001309084
0.0009002554
0.00070251233
0
0
0
0.0423183
0.11429605
0.026360935
0.010640643
0.005814799
0.002276515
0.00037410713
0
0
0
0.9021983
0.026804056
0.007138376
0
0
0.5142752
0.5154898
0.1533046
0.06293721
0.073808365
0.10429665
0.055719428
0.042100243
0.064183764
0.075296566
0.042600445
0.03142854
0.01686341
0.009621235
0.0031878965
0.20505513
0.07323687
0.038059324
0.03503422
0.017989514
0.014476323
0.009197229
0.0072285673
0.006181647
0.014074222
0.0011516531
0.0042829756
0
0
0.82728714
0.51606315
0.044015422
0.028791707
0.029037027
0.03767021
0.01189999
0.018648116
0.023400545
0.019645156
0.019900266
0.0029787489
0.0039738
0.0013761555
0
0.0954305
0.12530622
0.063181296
0.016120974
0.017491352
0.005024543
0.00034002677
0
0
0.95911753
0.078743644
0.0077256393
0.0008357313
0
0.33740807
0.89327884
0.15489927
0.10621382
0.044219244
0.069042444
0.043566518
0.056239594
0.0331669
0.021672018
0.020457836
0.013748417
0.008280889
0.008084104
0.0036201521
0.14336702
0.14584449
0.10204964
0.009693707
0.010176275
0.01184109
0.014227645
0.001988329
0.0064904997
0.0087357
0.011486232
0.007166295
0.0032024928
0
0
1
0.07411009
0.028699277
0.014444481
0.02039257
0.018122047
0.013947335
0.014522335
0.020257352
0.020033149
0.010430976
0.005761405
0.0027171483
0.00023634132
0.037208363
0.103734665
0.060560353
0.01030906
0.015450772
0.019186664
0.017772771
0.010338177
0.0049598296
0.025157847
0.60684603
0.009769452
0.0025113332
0.0027891719
0
0.88134074
0.21740219
0.12837502
0.0892133
0.09632337
0.07163508
0.06672795
0.03954809
0.027817125
0.017178804
0.00950547
0.009592063
0.0053323824
0.0036770832
0.00011594362
0.18308301
0.120221786
0.042858534
0.0073077497
0.007989567
0.012217074
0.004297234
0
0
0.877801
0.5350883
0.029708697
0.0110994335
0.0063878936
0.850918
0.3681253
0.81225127
0.461771
0.14326146
0.5411655
0.3829781
0.15475747
0.03694701
0.08850507
0.90291965
0.2669552
0.0995096
0.08519142
0.24352324
0.3710769
0.434252
0.33072856
0.21736042
0.19223972
0.43123853
0.36975232
0.30425888
0.096389
0.16681033
0.50213516
0.3300688
0.27111182
0.2189919
0.20586702
0.59316796
0.3494429
0.3246873
0.22163695
0.14051542
0.1715758
0.068525486
0.014741361
1
0.18009847
0.11702806
0.036610913
0.013775678
0.71261513
1
0.46298033
0.15780672
0.09969055
0.076645724
0.052358788
0.015223855
0.00934179
0.001025378
0.053500384
0.032162767
0.023925986
0.014182162
0.015236967
0.011326998
1
0.61940646
0.11479806
0.043208107
0.030625798
0.013144387
0.010010829
0.0022839934
0.0016385693
0
0.0049217124
0
0
0
0
0.09225665
0.072849564
0.006796573
0.0010692514
0.010170139
0.00032908213
0.0009241206
0
1
0.18134627
0.001926306
0
0
0
0.53781533
0.25926653
0.07957842
0.083593994
0.06306924
0.06628567
0.060752317
0.04251003
0.041547738
0.037587844
0.030142786
0.012557555
0.012145204
0.008284671
0.020772522
0.31243402
0.06675563
0.032618042
0.009982752
0.0060056397
0.004046119
0
0
0.0029460597
0.0016449408
0.00024945766
0.002675314
5.76796E-05
0
0.18368942
1
0.08865382
0.01872527
0.03454798
0.037291717
0.02551108
0.017162934
0.016541053
0.021318983
0.01804495
0.0067156684
0.0026285567
0.0019730947
0
0.058522925
0.07078433
0.066378295
0.011028551
0.004572044
0.0055184513
0.004467298
0.0021158613
0.0003836794
0.5759478
0.5664801
0.0079094535
0
0
0
0.7109295
0.37544423
0.16502771
0.09003488
0.06408524
0.06934694
0.033608783
0.02600924
0.017219476
1
0.5227443
0.055993088
0.012269668
0.00046433034
0.06632059
0.057235397
0.043953486
0.015540796
0.006244309
0.0056637903
0.0029319366
0
0
0.025065366
0.0814072
0.10956725
0.08580832
0.022437936
0.03228913
1
0.20079717
0.0647888
0.021854308
0.02177638
0.024153717
0.0039150007
0.014643252
0.009561232
0.005493892
0.0027751075
0
0
0
0
0.08621611
0.06470817
0.024951035
0.0055188937
0.0116847
0.011488677
0.004508596
0.0007724195
0.00016231385
1
0.039822973
0.011043174
0
0
0.6803014
0.53476685
0.17609899
0.07407731
0.047630694
0.05204665
0.03633824
0.027763199
0.05019768
0.038311068
0.027974326
0.013649538
0.011407903
0.009186405
0.004129311
0.18727842
0.09706925
0.0689331
0.020459078
0.004439013
0.005545691
0.004792041
0
0.0013043588
0.0038519383
2.5083582E-05
0.0015334026
0.0008018989
0
0.07884799
1
0.08119483
0.017319042
0.008970548
0.00019610586
0.0037925078
0.0019037019
0.0013186043
4.3023315E-06
0.002396351
0.0005080861
0
0
0
0.04289683
0.11133107
0.020035543
0.007039634
0.006713243
0.0069829663
0.0031359938
0.0022960433
0.0018895845
0.39648485
1
0.0017810407
0.00360613
0
0
1
0.23561944
0.2025582
0.06269661
0.056089066
0.037354965
0.034550015
0.018381236
0.017820911
1
0.14451498
0.022680452
0.014155308
0.008234715
0.053004194
0.09845749
0.054375112
0.04108245
0.043567315
0.023793451
0.01730069
7.706524E-05
0
0.011899439
0.16495924
0.03794032
0.042316303
0.030762145
0.011470495
1
0.52522045
0.095093265
0.060023263
0.06738394
0.0390816
0.038287032
0.04256962
0.021032978
0.022669684
0.008433845
0.0041689277
0.0030176265
0.0015802833
0
0.101161376
0.16995017
0.0482532
0.007217499
0.011929961
0.008625532
0.006516572
0.003667917
0.0017723697
1
0.09494296
0.014589804
0
0.00016147963
0.7737237
0.54816276
0.21993314
0.08489125
0.03880451
0.03704903
0.03925097
0.02387573
0.019916775
0.021442682
0.008265419
0
0.0010857967
0
0
0.07635274
0.10286836
0.026851123
0.0073390016
0.014041893
0.008889105
0.0010133517
0
0.0018933889
0.0030240987
0
0.000111561276
0
0
0.03726909
1
0.06468792
0.06787191
0.0151232425
0.029669633
0.027579
0.027025461
0.008731759
0
0.0061777416
0.0013555065
0.0009827829
0.00055609125
0
0.014410316
0.16112137
0.026684467
0.017499797
0.0044601583
0.010392863
0.0022590316
0.00093550107
0
0.0103476215
1
0.0093402285
0.010255779
0.0017284097
7.995069E-05
0.8744425
0.3631631
0.09976881
0.061023265
0.063330404
0.059081536
0.05303483
0.04659072
0.0378038
1
0.3118269
0.02614581
0.013310267
0.0006244579
0.052791856
0.083830126
0.057552557
0.03294085
0.0027841495
0.0010794905
0
0
0
0.02127739
0.11059632
0.07219759
0.0363769
0.010864692
0.008328563
0.87551653
0.3970974
0.083550766
0.06548417
0.03700273
0.029783273
0.035110652
0.021269497
0.020693514
0.014470667
0.0077725146
0.0013197191
0.00012347299
0
0
0.033237774
0.12480019
0.022202887
0.015060586
0.008980034
0.013403194
0.011209866
0.005717639
0
0.9036737
0.41597563
0.0027010555
0.0077424375
0.000648946
0.0017082598
0.95953834
0.33746356
0.15830024
0.062745735
0.045176614
0.036839724
0.019716771
0.016377809
0.00525582
1
0.041489966
0.02833072
0.0041806265
0.0017289286
0.28822917
0.40306664
0.1667199
0.1519977
0.037794117
0.028164364
0.0040688664
0.018430548
0.015336173
0.6083592
0.79093605
0.08970271
0.017294234
0.0032041231
0.0013397367
0.788866
0.6923836
0.4103838
0.22021319
0.13545536
0.7842104
0.40955555
0.11707416
0.09470231
0.29506463
0.77829933
0.22828354
0.11982108
0.08515454
0.6811337
0.37114832
0.8529246
0.38244545
0.13631679
0.90543395
0.34611413
0.20020056
0.088568985
0.18204811
0.6632604
0.31402698
0.11682219
0.077137895
0.43498242
0.4438515
0.77934957
0.23801894
0.13069619
0.513017
0.5824931
0.1404741
0.07982546
0.09983549
0.7987924
0.3452651
0.099216156
0.039398704
0.020174516
0.91110027
0.5730126
0.6359536
0.15202053
0.14819816
0.075425744
1
0.038967773
0.033082724
0.0019050468
0.78785336
0.39209273
0.0022854174
0
0
1
0.17721885
0.11223344
0.10123392
0.08965588
0.07822432
0.08126009
0.063673176
0.05622321
0.53561187
0.95211303
0.07688047
0.03564096
0.0329256
0.031428814
0.036711093
0.06228834
0.050515823
0.04995073
0.040610142
0.03860586
0.0394332
0.032403886
0.027213711
1
0.07441176
0.036514513
0.020594478
0.019885177
0.3058867
0.6436925
0.27455828
0.15345326
0.07685039
0.07261125
0.06426128
0.056276035
0.049035102
0.111143865
1
0.07132911
0.034027714
0.02323146
0.02417259
0.029970655
0.056543916
0.056042604
0.05454531
0.04017031
0.044887308
0.034405515
0.037871134
0.03691
1
0.089035854
0.058204256
0.03267189
0.028901068
0.015096339
1
0.07965671
0.0752635
0.052507963
0.05865251
0.05080218
0.053510915
0.04824361
0.041838847
1
0.4186333
0.058859423
0.039847586
0.03498542
0.030481374
0.04515046
0.05044316
0.04388204
0.03326487
0.028718492
0.03051792
0.03260656
0.019132977
0.07469655
1
0.06052709
0.03526963
0.020510469
0.017623898
0.92126226
0.3784734
0.1421056
0.11326175
0.12576303
0.5209248
0.9412982
0.3158111
0.21962777
0.24993849
1
0.4724544
0.37487373
0.23278703
0.19739242
1
0.45959818
0.43483984
0.42971373
0.43518725
0.6656488
0.23513044
0.17559482
0.089823805
0.86282825
0.41559282
0.1689824
0.13655874
0.10156722
0.11116646
0.078504175
0.06479957
0.071231164
0.070860825
0.07277304
0.03842758
0.028818632
0.03662497
0.017076736
0.013640321
0.007835973
0.0049814577
0.0007908235
0
0
0
0
0
0
0
0
0
0
0
0
0
0
0
0
0
0
0
0
0
0
0
0
0
0
0
0
0
0
0
0
0
0
0
0
0
0
0
0
0
0
0
0
0
0
0
0
0
0
0
0
0
0
0
0
0
0
0
0
0
0
0
0
0
0
0
0
0.5406695
0.8128562
0.04275319
0.002138273
0
0.9742253
1
0.84204966
0.36317462
0.19148591
0.15415744
0.13071653
0.07175497
0.053437814
0.039780363
1
0.052482262
0.034074917
0.0025917788
0.1495025
1
0.74397033
0.5827062
0.48298576
0.3536805
0.33368227
0.39933103
0.23636496
0.13640425
0.2274784
0.97252417
0.25109687
0.042655613
0.035522982
0.040513884
0.72036713
0.5124127
0.15204865
0.10669118
0.09675554
0.0821976
0.078747645
0.06809026
0.057679355
0.64699876
1
0.06349918
0.047524635
0.041267294
0.031415157
0.039730985
0.05470021
0.073699534
0.05850646
0.057682265
0.062241543
0.057193246
0.05504173
0.038742334
1
0.19396344
0.053373057
0.035980392
0.04170759
0.25247937
0.60147285
0.2124319
0.12817615
0.08849585
1
0.45713425
0.08046195
0.051749583
0.049912017
0.043080863
0.03892411
0.027818669
0.025935529
0.024370339
1
0.105653234
0.07699865
0.064245954
0.060563017
0.046310868
0.04502848
0.046011794
0.038634066
0.03811728
0.03814347
0.033218987
0.029447857
0.02263606
0.018772777
1
0.085383736
0.08578662
0.081048384
0.073770806
0.06878911
0.06202057
0.0580747
0.04546077
1
0.34434706
0.054505367
0.0476205
0.04066134
0.03139485
0.050009716
0.06894461
0.06863769
0.059344523
0.059871074
0.053537358
0.045914907
0.046599012
0.034486588
1
0.057207905
0.05458505
0.040761486
0.042732652
0.8402469
0.35961485
0.1234383
0.16812849
0.12608345
1
0.08979062
0.073136464
0.052732196
0.051566616
0.036919534
0.037198514
0.050711375
0.0253302
0.017149782
1
0.078790046
0.086964026
0.0780765
0.07073838
0.062273692
0.05865386
0.05469564
0.05351459
0.040445346
0.0427216
0.031795476
0.027892724
0.026044583
0.80505556
0.7535452
0.10808076
0.092835955
0.09390245
0.07674811
0.06928308
0.064441815
0.055988714
0.10077169
1
0.06734688
0.04127019
0.040009893
0.044350978
0.037606418
0.0543013
0.06543035
0.062182445
0.06408252
0.04887782
0.049730368
0.04449667
0.040893804
1
0.3845967
0.08235889
0.05240436
0.034798495
0.1387785
0.768964
0.24024302
0.17587353
0.12532063
1
0.46311733
0.074879505
0.055359337
0.05822696
0.042960078
0.036254134
0.02861098
0.028318465
0.02216792
1
0.26533347
0.10229766
0.09839584
0.09346022
0.07651012
0.067618124
0.05718243
0.055023085
0.18387976
1
0.060016014
0.046843156
0.0379391
0.032656305
0.99263316
1
0.6885125
0.31101593
0.13269739
0.7424385
0.54233676
0.33666536
0.12269905
0.43936422
0.8780212
0.3018086
0.085117556
0.06505898
0.48416075
0.4719911
0.62782687
0.58236265
0.29890013
0.41844803
0.09098291
0.16955647
0.10822822
0.16839758
0.60157573
0.3080834
0.29019064
0.13765417
0.1928901
0.9519303
0.4368658
0.58549696
0.42876562
0.24395108
0.37659955
0.195779
0.18666956
0.26014373
0.88130033
0.57122004
0.0911473
0.03940052
0.015436654
0.5450785
0.6753665
0.8900345
0.4148002
0.17316109
0.07945625
0.042073395
0.045407858
0.02744814
0.006138663
0.0031890608
0.0008855947
0
0
0
0.56387585
0.9165495
0.12506454
0.12045866
0.102542326
0.09208537
0.08634038
0.081711635
0.07448685
0.069401264
1
0.06340791
0.045648783
0.040591106
0.035208534
0.03637632
0.049987383
0.07451718
0.071667895
0.07325259
0.0571519
0.05059203
0.06253744
0.046992034
1
0.39451888
0.051946025
0.05673301
0.04799532
0.039035328
0.80966884
0.38686967
0.19433172
0.14007522
1
0.52299166
0.08685101
0.061632115
0.056318704
0.04940515
0.03856994
0.03629063
0.034319818
0.027681198
1
0.47452044
0.10448556
0.10146746
0.0942782
0.08417055
0.071628235
0.07483647
0.06104938
0.056042697
0.052029464
0.05091663
0.046050806
0.034800626
0.026142377
1
0.06566974
0.10259959
0.09508722
0.09052539
0.080334015
0.07788368
0.07564635
0.05831816
1
0.5416547
0.06738705
0.043390684
0.04544984
0.028562456
0.04640422
0.06747617
0.06797104
0.0655567
0.06290682
0.056791432
0.05055285
0.049157493
0.042300686
1
0.06865914
0.06740035
0.042601738
0.043818254
0.78761154
0.47308728
0.2239111
0.19872668
0.15743408
1
0.10067996
0.067124866
0.048163436
0.04977586
0.043284826
0.0313447
0.032449227
0.023814747
0.018304583
1
0.065476514
0.100531265
0.14576884
0.08378633
0.061047602
0.05211948
0.047862504
0.048723154
0.04671594
0.041048054
0.041225117
0.034891
0.029750705
0.4088201
1
0.099368244
0.10556197
0.088717
0.090758696
0.07991314
0.07546523
0.06626231
0.054167315
1
0.06658127
0.057373527
0.048925593
0.040863127
0.042973828
0.046789043
0.047643807
0.055913173
0.051846266
0.056556836
0.045168515
0.039680164
0.041405085
0.8210708
0.6653153
0.081382625
0.042347003
0.027000416
0.027048681
0.8392869
0.31533387
0.20249231
0.116383895
0.5959596
1
0.07703524
0.05682946
0.045289494
0.04420782
0.035275467
0.021873664
0.02253564
0.021518277
1
0.5103963
0.087643705
0.09877891
0.104237445
0.082323626
0.072752796
0.07014281
0.0652649
0.057374068
1
0.049326696
0.048857875
0.036966696
0.033132404
1
0.7474647
0.7935615
0.38272107
0.2247407
0.6878397
0.72027785
0.39562964
0.19518784
0.21303931
0.79561085
0.38193402
0.16658723
0.18580227
0.631127
0.50442064
1
0.4787588
0.4264383
0.50138235
0.41892248
0.18337566
0.15507093
0.06512214
0.43394274
0.27952167
0.2501473
0.1364423
0.04759867
0.8748722
0.4082703
0.87640613
0.48298553
0.3694995
0.4309301
0.47422424
0.29702148
0.5162108
0.26326227
0.32061067
0.10311967
0.12753178
0.053725544
0.50706655
0.7418073
1
0.40471965
0.12695497
0.12418716
0.042688392
0.041570228
0.03073974
0.011813984
0.005726714
0.0037797054
0
0
0
0
1
0.096803345
0.09868706
0.06532684
0.0693097
0.06952622
0.048408847
0.03820655
0.04347473
0.024186756
1
0.041473627
0.02588558
0.01008321
0.011701665
0.055916645
0.009432714
0.0010107716
0.00012234181
0
0.00013134092
0
0
0.85614103
0.46796152
0.040340785
0.0033174383
0.0012935348
0
0.89426243
0.40962687
0.10540494
0.055358294
0.026275588
0.008438589
0.0040442273
0.0028303375
0.00058946136
0.005211223
0.0009321238
3.5850808E-05
0
0
0.8242846
0.72333103
0.053896222
0.021805929
0.016771065
0.007933235
0
0
0
0.0022057164
0.021724816
0.1210313
0.065861754
0.14814092
0.009064078
1
0.20579971
0.037023444
0.0016073191
0.000274857
0.0007660643
0.00043160768
0
0
0.22638823
1
0.035385873
0.0039921887
0
0
0.06291075
0.010798214
0
0
0
0
0
0
0
1
0.019351318
0
0
0
0.5272457
0.6176014
0.24805528
0.14565423
0.033822812
0.03986678
0.018817268
0.0038251716
0.0019428886
0.0006137858
0.00029240057
0
0
0
0
1
0.067414165
0.031530805
0.0035192505
0.0017196678
0.0069661746
0.005554176
3.826866E-06
0
0.068159476
0.012265103
0.0009748352
0.02029208
0.0072314
0
1
0.05880652
0.026026098
0.0034298326
0.0033733374
0
0
0
0
0.76510286
0.48644552
0.034614425
0.0038461792
0
0.008693342
0.037926152
0.008691745
8.525724E-05
0
0
0
0
0
0.32447168
0.8306045
0.006918011
0.0048940144
0
0
0.7941484
0.37563914
0.16644512
0.121054366
0.14638051
0.14956778
0.037583023
0.0411811
0.01498809
0.0805853
0.017987791
0.004924926
0.01510727
0.0063614184
0.41929007
0.96148527
0.036790106
0.014944775
0.0032542488
0.009934771
0.01764003
0.012009709
0.01216835
0.003860871
0.10604682
0.07251076
0.023972202
0.051723864
0.0100043025
0.98595965
0.46034545
0.0389487
0.017184941
0.0016656152
0.0021039993
0
0
0
0
1
0.026801573
0.019638197
0
0.0002492158
0.039725747
0.019081092
0.0037166374
0
0
0
0
0
0
1
0.059858046
0.033523027
0.00081478036
0.0014455315
0.46462244
0.6410611
0.20782985
0.20529017
0.0969651
0.23385492
0.023275465
0.007040488
0.005618227
0.10187155
1
0.07864381
0.031098267
0.009350878
0.0017682514
0.87857217
0.44937122
0.05512354
0.04151773
0.035007257
0.019423615
0.015988676
0.013339259
0.010682157
0.006747991
0.0043123313
0.0034499883
0.021600712
0.0071511166
0.0036947622
1
0.11861836
0.07936427
0.08546948
0.068932235
0.054461025
0.03561092
0.027973464
0.026399603
0.5779057
0.8406565
0.04555988
0.018712958
0.006881582
0.021450646
0.043415606
0.022743583
0.008049601
0.002005623
0.000148351
0
0
0
0.39888108
0.773707
0.0236557
0.004664052
0
0
0.8589755
0.55097944
0.14605516
0.09453694
0.20341493
0.083273076
0.021677038
0.017095583
0.017100226
0.059679657
0.032870624
0.009641974
0.033672605
6.679227E-05
0.0865606
1
0.046984423
0.028594507
0.0038634734
0.022167007
0.07777967
0.010300715
0.00017385013
0
0.08246588
0.059527818
0.051696513
0.037042506
0.009914429
0.77576196
0.46840236
0.04790197
0.021235127
0.0031314488
0.00025752166
0
0
0
0
1
0.03278937
0.0051943837
0
0.00021692002
0.052826427
0.02571305
0.0074427137
0.00010232369
0
0
0
0
0
1
0.032728
0.014150625
0
0.00013564473
0.4070215
0.6815805
0.31257486
0.15385525
0.1835551
0.20926978
0.08435711
0.022179954
0.0057185763
0.014688927
0.05340541
0.013199878
0.010225447
0.0032119888
0
1
0.18482384
0.027725471
0.017861154
0.0054360856
0.018173154
0.009597261
0
0
0.061969277
0.04258048
0.023025978
0.060260758
0.001552679
0
1
0.056718845
0.031319745
0.005614572
0.0034160935
0
0
0
0
0.35115853
0.92767274
0.032122765
0.009161771
0
0.0050221803
0.046596054
0.020242885
0.0024141152
0
0
0
0
0
0.080598585
1
0.0102603445
0.0077159205
0
0
0.708567
0.3843269
0.16573782
0.13731205
0.24700096
0.20249924
0.039937183
0.029082019
0.020954344
0.0498087
0.04816012
0.010478874
0.028732829
0.032395806
0.038205795
1
0.03947874
0.030048085
0.003003963
0.067271724
0.05915058
0.030778144
0.014625521
0.008254577
0.095452555
0.010203293
0.021302147
0.030088196
0.007585736
0.7940119
0.4412943
0.045181744
0.027345385
0.011519518
0.008320828
0
0
0
0
1
0.037318334
0.018625254
0
0
0.048298456
0.025921669
0.008285557
7.278995E-05
0
0
0
0
0
1
0.037745617
0.013808579
0
0.002473508
0.20230098
0.7908406
0.3134458
0.17622687
0.1821465
0.18584116
0.09903672
0.02563361
0.008897484
0.09500108
0.9039026
0.07749039
0.019126307
0.0050774524
7.489806E-05
0.60466313
0.8137599
0.06909802
0.06391082
0.035240896
0.035831187
0.020146314
0.016460061
0.012247645
0.0080739455
0.0057066362
0.001994549
0.005302365
0.00074184296
0.002667266
1
0.08146273
0.054406397
0.019457487
0.010781657
0.031122783
0.014516814
0.017778216
0.011002023
0.0063822833
0.010839815
0.007744041
0.0037026536
0.0036203917
0.012820528
0.012916704
0.0016774362
0.00013698277
2.9489313E-05
0
0
0
0
0.26039976
0.18546562
0.08803358
0.054149795
0.041968253
0.036124237
0.03768182
0.022989942
0.015055655
0.010980887
0.014292348
0.008591937
0.006292888
0.003489548
0.0029835734
0.0036586719
0.003564532
0.003644827
0.001669211
0.00197901
0.00095118384
0.37403423
0.11316559
0.07050725
0.04504065
0.03955771
0.030646471
0.021057984
0.01570897
0.013569636
0.0086102635
0.0072915736
0.0043119113
0.003409418
0.0046978695
0.026283568
0.0104264915
0.0019453679
0.00010379535
8.350005E-05
0.0012738529
0
0
0
0.13159765
0.22535084
0.08246685
0.05674113
0.03677907
0.031669386
0.062779024
0.034018934
0.014941146
0.012349838
0.009812453
0.0076048346
0.0029194148
0.0031640937
0.0014307972
0.007845232
0.0022517634
0.00090746314
0.0004948388
0.0005404116
0.008480964
0.37097442
0.076020285
0.053036794
0.032277565
0.03494217
0.028349144
0.018138928
0.01705868
0.013301122
0.05748686
0.022446409
0.016952585
0.021546775
0.016614195
0.050973196
0.30582312
0.11047722
0.06360489
0.03702495
0.036703255
0.028192421
0.02072986
0.016144127
0.029878817
0.024546472
0.015755491
0.010768781
0.008633229
0.010122466
1
0.20913737
0.09863084
0.097658075
0.100144014
0.09521662
0.081505224
0.079153426
0.060079776
1
0.4472186
0.066969045
0.06775357
0.05219068
0.041506395
0.061578076
0.082627095
0.083642386
0.06888386
0.072670914
0.06663691
0.05748068
0.048974544
0.043451622
1
0.037960432
0.04049276
0.03159985
0.045169875
0.71663606
0.43538073
0.26399744
0.17712422
0.14328149
1
0.06904752
0.060183566
0.04656138
0.04591376
0.03661897
0.03843347
0.030264024
0.026159769
0.01924057
1
0.07272888
0.08047754
0.06010467
0.06507081
0.053921632
0.053308044
0.046256814
0.04155886
0.03962308
0.033732247
0.026901757
0.024711877
0.01747641
0.83687896
0.47865018
0.093499765
0.081402056
0.0963219
0.09810197
0.08844023
0.091314234
0.08185268
0.14185292
1
0.05891078
0.057728704
0.0496369
0.043880776
0.04052365
0.07431408
0.0710606
0.07267996
0.06728553
0.055014815
0.0627245
0.05336584
0.040942874
1
0.10109291
0.049899757
0.044139225
0.041563265
0.03430352
1
0.36359563
0.29775855
0.14329061
0.5343314
1
0.06226632
0.057864945
0.062557876
0.048534755
0.039864816
0.03596137
0.033821154
0.02982653
0.86191154
0.7803487
0.059503194
0.0672436
0.0650149
0.06704678
0.06840892
0.06636771
0.05677616
0.05760729
0.046511702
0.044498306
0.03538592
0.034693398
0.021016954
1
0.0858899
0.06433483
0.06336037
0.07006584
0.10614764
0.061489835
0.0550144
0.057787266
0.039287988
0.034136083
0.031925064
0.030660108
0.024855321
0.03274125
0.032574177
0.011785182
0.0071984613
0.0052066534
0.0061683655
0.0027236051
0.0017319947
0.0011326037
0.17009778
0.20874691
0.10036466
0.0712368
0.047856044
0.039379016
0.043109056
0.021938719
0.017273283
0.012373728
0.011027303
0.014073386
0.008884317
0.00709066
0.004995579
0.010369463
0.007848122
0.0065225516
0.0042258515
0.0036641844
0.0020167257
0.3161395
0.15807573
0.08302445
0.049268354
0.04255249
0.03202128
0.026692837
0.017862959
0.012373059
0.017072886
0.0079826955
0.006385647
0.0037919644
0.004527771
0.024591992
0.014691031
0.0024563815
0.00026626664
0
0.00735932
0
0
0
0.12500513
0.26784354
0.11318938
0.073842295
0.059027936
0.043436337
0.06308559
0.044346277
0.0236591
0.01808722
0.014759239
0.010605914
0.007178595
0.0037981994
0.0036801673
0.010664751
0.004396864
0.0032853393
0.0008549434
0.0018604787
0.0002771607
0.32505366
0.12409174
0.070822544
0.036848146
0.0425626
0.028960416
0.025282063
0.014363879
0.01346525
0.043439552
0.018315112
0.015874822
0.019949345
0.015003621
0.020609934
0.232006
0.08846716
0.05474956
0.028491016
0.038410895
0.01786369
0.017064968
0.01571378
0.030474253
0.014220597
0.01143565
0.009697729
0.0056266976
0.0050798804
1
0.18669425
0.102821924
0.117610596
0.11229007
0.11273801
0.097360656
0.07438894
0.072487175
0.8106377
0.62260926
0.073767774
0.058552746
0.04857372
0.044169046
0.058198385
0.08648722
0.078668915
0.07307538
0.07005909
0.0657883
0.062314633
0.053571384
0.046142925
1
0.046092324
0.03865128
0.027774528
0.036151685
0.60993224
0.77908283
0.34557408
0.2599815
0.1952919
1
0.27686605
0.06248363
0.05828614
0.06291334
0.053819302
0.05119703
0.04131064
0.029622927
0.025177851
1
0.12101924
0.05882058
0.06501327
0.07151217
0.057119906
0.06419038
0.052236505
0.047802977
0.05149486
0.04014792
0.034237728
0.036383454
0.025199888
0.7389876
0.591346
0.064203314
0.09558353
0.09000008
0.09078568
0.08842398
0.08387677
0.11009568
0.064393006
1
0.04607884
0.050926168
0.04475217
0.039404143
0.040197972
0.09532103
0.07473065
0.07541471
0.076406024
0.069103874
0.06481985
0.062925346
0.05065206
0.6790204
0.62165904
0.051367644
0.05128191
0.042536903
0.040700663
0.92234147
0.36709887
0.2004825
0.16854714
0.13831401
1
0.04602966
0.063069455
0.051630802
0.04916566
0.034175888
0.03126024
0.031853918
0.024163028
0.09860516
1
0.053262636
0.08367281
0.09460377
0.08238973
0.07152045
0.07597104
0.05905318
0.052128997
0.6969113
0.0388064
0.057580095
0.04029073
0.7088382
0.44323456
0.79761803
0.24190852
0.10879137
0.059719976
0.039855447
0.037942737
0.028276257
0.009542056
0.010929767
0.008835083
0.005262143
0.003969309
0.00017786282
0
0.011277625
0.0017235982
0
0
0
0
0
0
0
0
0
0
0
0
0
0
0
0
0
0
0
0
0
0
0
0
0
0
0
0.0003962654
0.0054179137
0
0
0
0
0
0
0
0
1
0.100116275
0.03617329
0.0067842426
0.012117793
1
1
0.7551589
0.291785
0.26513544
0.95051
0.57832766
0.15371698
0.10628149
0.98599
0.8255406
0.3083099
0.08432067
0.030690942
0.82681525
0.75959456
0.5658593
0.34976712
0.15264504
1
0.63783884
0.24631293
0.09040314
0.3405226
1
0.37073854
0.13333714
0.085843556
0.59014076
1
0.7918217
0.29234436
0.1550876
0.73953915
0.67063326
0.2255801
0.1488126
0.16705412
1
0.3075366
0.088409014
0.036831465
0.44262427
0.7107015
1
0.5535014
0.45001128
0.23578656
1
0.15573888
0.088057324
0.05963662
0.04662344
1
0.14480288
0.021763407
0.01421049
0.010891913
1
0.5231392
0.20599157
0.13836782
0.15232313
0.13575225
0.20060238
0.10326026
0.08313969
0.05648254
0.04837282
0.04202369
0.037969504
0.0317326
0.03093878
0.023388289
0.01522571
0.011354324
0.010859846
0.007668529
0.0069904677
0.006173405
0.003945191
0.004533976
1
0.08531098
0.09099371
0.06207508
0.07839221
0.055484142
0.05502499
0.042430084
0.04462756
0.044998046
0.04193648
0.0337453
0.02774456
0.025281591
0.024697764
0.016924568
0.014080591
0.013562358
0.0068856985
0.0058374507
1
0.10093905
0.10761357
0.19194457
0.14496419
0.113793164
0.081982076
0.06070896
0.056109898
0.040122464
0.025417076
0.025196064
0.02162506
0.017758282
0.0129395705
0.057362888
0.11278904
0.10212836
0.08874445
0.07769619
0.067550875
0.054306567
0.042205967
0.042541202
0.02990867
0.023507265
0.019759012
0.017566377
0.013734871
0.19550432
1
0.108814694
0.14916123
0.11907922
0.10625872
0.052987874
0.051321577
0.04108445
0.030206356
0.028201202
0.021687213
0.01738575
0.01237383
0.010793895
0.9097888
0.39641902
0.22096963
0.15016514
0.1749918
0.15824562
0.094313525
0.10044477
0.08651445
1
0.65489614
0.08853761
0.03802992
0.041878533
0.027970316
0.021654306
0.018251723
0.015756203
0.008731292
0.0045327647
0.0041404366
0.0030537816
0.0016583209
0.0021926374
0.00031297264
0
0.00015152009
0
0
1
0.76197857
0.094492614
0.17390598
0.1851779
0.11498466
0.062433112
0.07745705
0.07327211
0.09600533
0.03915116
0.027782498
0.02190158
0.02017855
0.015209718
0.012345934
0.009796764
0.006530867
0.006871615
0.0048446166
0.0038416917
0.0030738187
0.0015374445
0.0015329774
1
0.14592879
0.07533868
0.13072692
0.07230224
0.06897078
0.05453788
0.051362865
0.053158015
0.044580784
0.042577256
0.036560893
0.03618144
0.029265316
0.021571647
0.017246364
0.015422236
0.013858337
0.0094597945
0.0073413122
1
0.53034276
0.1487872
0.3216589
0.15486594
0.09402192
0.11133403
0.061794985
0.06817673
0.04740595
0.045191135
0.033173464
0.027204597
0.026998252
0.03199561
1
0.8297076
1
0.83999515
0.36439526
0.8272779
0.31701204
0.11327533
0.061567698
0.4256345
1
0.35111484
0.058730043
0.017519385
1
0.70972466
1
0.4009078
0.57214
1
0.38813657
0.1806073
0.1800179
0.36178315
0.7728904
0.5238048
0.116603285
0.059854798
0.4211207
0.4702182
1
0.44541007
0.8266704
0.3481899
0.68329424
0.7575127
0.30657923
0.29176173
1
0.18994462
0.10606453
0.088013515
0.06304382
0.75557756
0.75246537
0.5568651
0.25083414
0.20556228
0.23422703
0.20059222
0.16410625
0.0761994
0.05218657
0.035384916
0.04081531
0.015436865
0.0053536557
0.003053628
0.95270693
0.8923581
0.2054826
0.15072864
0.14006709
0.13682695
0.10975289
0.0878811
0.080949694
0.06454406
0.05611024
0.054229464
0.0854473
0.036900602
0.026615757
0.02190444
0.0125247305
0.011812303
0.00955628
0.010515284
0.0074016517
0.0047397325
0.0039119273
0.0018533472
1
0.22604175
0.09371844
0.019229095
0.020256214
0.025409257
1
0.34545836
0.24451901
0.36160293
0.3412328
0.21730222
0.20261075
0.18176171
0.13557601
0.09528431
0.082621396
0.06302475
0.052534245
0.027303413
1
0.53500605
0.078943215
0.1155443
0.07875858
0.04727955
0.054131206
0.03861429
0.023895826
0.023953399
0.018599749
0.013564877
0.007113963
0.0051044165
0.0039614583
0.032370463
0.13161166
0.14311299
0.099245094
0.10332991
0.06823118
0.067083314
0.04614957
0.041543197
0.03303812
0.027761666
0.023073161
0.01962152
0.020980872
0.013719079
1
0.049123652
0.107326984
0.074219406
0.040672086
0.020591144
0.019498106
0.009002076
0.00959361
0.00875738
0.0033663576
0.0027756805
0.001206713
0.0007184737
0.8919305
0.43665797
0.24711478
0.1659777
0.19478321
0.2022536
0.14951487
0.09015706
0.10268361
1
0.58622396
0.06957294
0.03249831
0.03425106
0.034251742
0.03234021
0.027080694
0.023282196
0.020742081
0.016712015
0.01692367
0.011732327
0.009866128
0.0052789287
1
0.75899
0.29281825
0.27999392
0.19374819
0.6852041
1
0.16249691
0.14137685
0.12307782
0.10645223
0.09519918
0.0900023
0.06672244
0.06171091
0.048688043
0.044168264
0.03874295
0.028289616
0.030473057
0.0532042
0.019860955
0.01813638
0.013196737
0.0109789325
0.010781345
0.006092963
0.008496922
0.004223304
1
0.296891
0.055811036
0.015040311
0.015037107
0.11933351
1
0.6704803
0.30723268
0.29497927
0.23973572
0.1710773
0.18742171
0.1460387
0.12158434
0.110218465
0.08551741
0.064586125
0.06261855
0.033140853
1
0.6460739
0.06288924
0.036992773
0.024179012
0.02607306
0.012822728
0.011822725
0.0066488907
0.1406934
1
0.13736458
0.031524055
0.012549861
0.0052332524
1
0.9741362
0.78468937
0.6704138
0.30458626
1
0.4879492
0.12689802
0.07006019
0.6395334
0.96967876
0.3901053
0.07110578
0.044818487
0.20031264
0.7774201
0.9454381
1
0.564981
1
0.61513066
0.3890375
0.3752268
0.134915
1
1
0.65623075
0.41836226
0.3736459
1
0.7000666
0.7935489
1
0.5524365
0.5791807
0.63628674
0.525277
0.4247593
0.7593547
0.89699936
0.36179006
0.13491634
0.1479779
0.80601627
0.4731718
1
0.22458571
0.17985034
0.18230703
1
0.0966592
0.08888073
0.032312915
0.4202792
0.6717796
0.04538284
0.022323603
0.012623967
1
1
0.44760782
0.22303998
0.21579921
0.12141319
0.07081352
0.035118796
0.04267428
0.030002078
0.007452149
0.002409199
0.0035845402
0.00043869184
0.00016545299
0
0
0
0
0
0
0
0
0
0
0
0
0
0
0
