0
0
0
0
0
0
0
0
0
0
0
0
0
0
0
0
0
0
0
0
0
0
0
0
0
0.045101624
0.40550107
0.55324376
0.6963174
0.54045445
0.7133064
0.5101829
0.603266
0.42718405
0.20287494
0.067256905
0.23239696
0.54766595
0.6033959
0.5955488
0.6909501
0.50754607
0.8196527
0.6974252
0.8909987
0.67036915
0.6030407
0.30681753
0
0
0
0
0
0
0
0
0
0
0
0
0
0
0
0
0.60965294
0.57828087
0.6979004
0.7018824
0.644679
0.536417
0.18514292
0.0005471663
0
0
0
0
0.001962603
0
0
0
0
0
0
0
0
0
0
0
0
0
0
0
0
0
0
0
0
0
0
0
0
0
0
0
0
0
0
0
0
0
0
0
0.21099097
0.28833368
0.5117909
0.42820862
0.71224695
0.68883055
0.55660975
0.24512294
0.025796415
0.015512436
0.0037839809
0.2629989
0.44195992
0.6193939
0.43303305
0.655296
0.47990906
0.63081825
0.50661093
0.7615455
0.6108911
0.5940588
0.053223524
0
0
0
0
0
0
0
0
0
0
0
0
0
0
0
0
0.29295373
0.5856246
0.8555151
0.63982123
0.87035626
0.71141887
0.39294302
0.06422556
0.008964041
0.0064496268
0
0
0.00026001598
0.0042796484
0
0
0
0
0
0
0
0
0
0
0
0
0
0
0
0
0
0
0
0
0
0
0
0
0
0
0
0
0
0
0
0
0
0
0
0.34214768
0.56782
0.9033207
0.6073472
0.62509567
0.60392755
0.33891824
0.066695906
0.041725863
0.00020197192
0.00011881993
0.13810796
0.7165001
0.71157974
0.45216307
0.7519093
0.50550056
0.83111334
0.54587746
0.804905
0.6245818
0.55763274
0.014773753
0
0
0
0
0
0
0
0
0
0
0
0
0
0
0.0022298354
0.45862928
0.71493477
0.55365855
0.88901573
0.6296617
0.85732746
0.62854743
0.59627146
0.32844213
0.019301401
0
0
0.04559112
0.06633525
0.011012326
0.0064095953
0.0012127898
0
0
0
0
0
0
0
0
0
0
0
0
0
0
0
0
0
0
0
0
0
0
0
0
0
0
0
0
0
0
0
0
0.01049137
0.53128046
0.72256637
0.78026605
0.9261302
1
0.848542
0.8606453
1
1
0.98235184
0.8476714
0.78330976
0.52999365
0.53699607
0.69914
0.90465456
0.9008401
0.93361497
1
0.9844685
0.8968934
0.3622044
0.45509863
0.5544075
0.57725
0.6381245
0.6021236
0.5363406
0.4845354
0.48855516
0.4625018
0.42316523
0.3773583
0.39006236
0.39761236
0.4193943
0.36883155
0.34476033
0.31994334
0.3128818
0.30416664
0.31331247
0.18732846
0.4063731
0.6935593
0.8977894
0.8324668
0.92645633
1
0.9292864
1
1
0.89774525
0.93114454
0.9303347
0.7757085
0.9861698
0.7563204
0.7889348
0.75527674
0.61592364
0.63210225
0.63197
0.5607555
0.4930515
0.14281395
0.5497394
0.48300228
0.70533496
0.5469695
0.78547794
0.591831
0.7621714
0.5630583
0.7326398
0.6306912
0.5308753
0.52812743
0.49869782
0.5060287
0.42652187
0.42205518
0.33607727
0.40175444
0.29206085
0.2771907
0.05824089
0.63671756
0.51847875
1
0.98841137
1
0.8140438
0.40063897
0.48848337
0.06255849
0.011551017
0.12254199
0.54920596
0.9613097
1
1
1
1
1
1
0.942
1
0.3135531
0.008315994
0
0
0
0
0.0028390498
0.83066964
0.5700223
0.715499
0.768039
0.64252526
0.3852057
0.06281819
0.079393506
0.010431041
0.08322665
0.11869509
0.17509252
0.40586385
0.804298
0.56789464
0.66437143
0.74205995
0.20345779
0.021974767
0.022552846
0.043638963
0.0047892905
0.001138616
0.0029481985
0.0021963762
0.0034238917
0.00050806935
0.0002947645
0.0004280838
0.0001611287
0
0
0
0
0
0
0
0
0
0
0
0
0
0
0
0
0
0
0
0
0
0
0
0
0
0
0
0
0
0
0.48849654
0.9531995
0.7296237
0.9651831
0.38326028
0.122996405
0.28859895
0.041434675
0
0.004577965
0.013081677
0.5002969
0.6217827
0.76928097
1
0.904035
1
0.72479105
1
0.8110626
0.518015
0.040072322
0
0
0
0
0
0.25119582
0.6248226
0.65361905
0.79475856
0.9007542
0.6919169
0.12695159
0.049255926
0.014171723
0.0041539297
0.24165063
0.4160923
0.91581863
0.6375881
0.9037511
0.6807681
1
0.31509903
0.17288838
0.021371942
0.001322265
0
0
0
0
0
0
0
0
0
0
0
0
0
0
0
0
0
0
0
0
0
0
0
0
0
0
0
0
0
0
0
0
0
0
0
0
0
0
0
0.1717901
0.21521421
0.561314
0.50972867
0.27420074
0.27076474
0.3356572
0.318577
0.059050005
0.0010917466
0
0.13170668
0.51084954
0.64571893
0.95934963
0.6863176
1
0.64480513
1
0.8584325
1
0.85513383
0.14227878
0.0034938357
0
0
0
0
0.21502192
0.87180084
0.93936163
1
1
1
0.4445413
0.041659094
0.00081164367
0.0025277098
0.026538873
0.25232542
0.24916288
0.6044684
0.49357504
0.7959752
0.4829713
0.42045298
0.022213798
0.0057581123
0.008720358
0.005598009
0.0005924934
0
0
0
0
0
0
0
0
0
0
0
0
0
0
0
0
0
0
0
0
0
0
0
0
0
0
0
0
0
0
0
0
0
0
0
0
0.084490284
0.5681358
0.7166161
0.7806941
1
1
0.9560551
0.905228
1
1
1
0.95704025
1
0.9076584
0.8467822
0.98703086
0.93944395
0.8395204
0.7893736
0.86338496
0.7584502
0.6922012
0.27131692
0.079343945
0.16834378
0.29388124
0.455271
0.5066349
0.4585824
0.5246621
0.5044015
0.46090648
0.45833653
0.48025677
0.43693912
0.40313497
0.36881894
0.34158373
0.3071242
0.2935163
0.29994935
0.276523
0.29610297
0.2313762
0.07194117
0.3833023
0.7126582
0.54532015
0.73127216
0.93156105
0.75340384
0.94177365
0.914446
0.7277056
0.92270845
0.75018066
0.72304636
0.7852456
0.71190244
0.6725059
0.7866848
0.5994465
0.67078793
0.6260668
0.62058157
0.44580126
0.034321997
0.354704
0.5387683
0.5303807
0.7999699
0.5930866
0.85055274
0.6488658
0.75973666
0.6269556
0.64111155
0.6084311
0.49632597
0.54814357
0.47144008
0.5277169
0.45326963
0.47601423
0.40748948
0.4548513
0.30043885
0.107106276
0.46669033
0.61805224
0.632283
0.9601529
0.5522303
0.6963077
0.6659194
0.9620411
0.78167415
1
0.81134266
0.33371022
0.53754497
0.38375503
0.76633054
0.66519713
1
0.70464903
0.9132181
0.87587744
0.6729923
1
1
0.26486203
0.00020472333
0
0
0
0
0
0
0
0
0
0
0
0
0
0
0
0
0
0
0
0
0
0
0
0
0
0
0
0
0
0
0
0
0
0
0
0
0
0
0
0
0
0
0
0
0
0
0
0
0
0
0
0
0
0
0
0
0
0
0
0
0
0.029154195
0.22163051
0.38051975
0.64935285
0.47172567
0.9144247
0.74055916
0.7114621
0.97916967
0.77890563
1
1
0.795113
0.42658186
0.4009568
0.3082455
0.5016113
0.35822767
0.7135933
0.6182704
0.86879116
0.7483444
0.7629877
0.7911163
0.27706426
0.15877096
0.029003553
0.01612199
0
0
0
0
0
0
0
0
0
0
0
0
0
0
0
0
0
0
0
0
0
0
0
0
0
0
0
0
0
0
0
0
0
0
0
0
0
0
0
0
0
0
0
0
0
0
0
0
0
0.25222987
0.1803561
0.41733587
0.3251636
0.4482957
0.6940252
0.78182083
0.77375484
0.56304085
0.7015576
0.52971494
0.4024758
0.28303108
0.20837666
0.4220758
0.59074736
0.4621706
0.59962684
0.5270327
0.7056157
0.535915
0.80581164
0.49934787
0.3582067
0.31521475
0.3529255
0.57634664
0.7860755
0.61795986
0.743637
0.6165226
0.71238476
0.6886412
0.592051
0.5421249
0.5516659
0.18189798
0.038740892
0.0044990084
0
0
0
0
0
0
0
0
0
0
0
0
0
0
0
0
0
0
0
0
0
0
0
0
0
0
0
0
0
0
0
0
0
0
0
0
0
0
0
0
0
0
0
0
0
0
0
0
0
0
0
0
0
0
0
0
0
0
0
0
0
0.12500142
0.3593571
0.7784258
1
0.91200995
0.7770148
0.91029495
1
1
0.93993
0.9868361
0.7132929
0.68845874
0.8547273
0.7917281
0.98476106
0.96995413
1
1
1
1
0.62918115
0.6637735
0.26474229
0.14859222
0.019309498
0
0
0
0
0
0
0
0
0
0
0
0
0
0
0
0
0
0
0
0
0
0
0
0
0
0
0
0
0
0
0
0
0
0
0
0
0
0
0
0
0
0
0
0
0
0
0
0
0
0
0
0
0
0
0
0
0
0
0
0
0
0.012675808
0.25350967
0.46500003
0.66024476
0.514368
0.70570564
0.67198765
0.6924995
0.6365126
0.570794
0.6667961
0.58148724
0.8406633
0.6588495
0.866231
0.6645297
0.7386917
0.69614136
0.6707085
0.56446403
0.5570475
0.53704816
0.21299995
0.20430362
0.065414526
0.00079332397
0
0
0
0
0
0.016074426
0.35827813
0.7888618
0.7812432
0.6917055
0.65059775
0.6351289
0.7155187
0.6744598
0.34408876
0.017226093
0
0.0026916747
0.079076946
0.25415498
0.4606571
0.6116513
0.67352146
0.63754743
0.6761853
0.6527732
0.62546086
0.6221469
0.60474896
0.5831821
0.57423896
0.598746
0.625248
0.6278374
0.654228
0.637934
0.675984
0.68360007
0.6256199
0.40668646
0.35030672
0.5110315
0.66289407
0.8311261
0.9005468
0.7370233
0.57528573
0.72373
0.7467668
0.782741
0.7881681
0.8003476
0.8523743
0.98131835
1
1
0.98936653
0.9093739
1
1
1
0.72841704
0.24069661
0.46144572
0.7811014
0.6013838
0.69414556
0.66292727
0.6831572
0.63945997
0.77003044
0.59773034
0.5464452
0.43749657
0.69394755
0.64881116
0.7692294
0.81191134
0.8149231
0.907454
0.8111598
0.87840813
0.84593743
0.53185123
0.16335166
0.0045601656
0
0
0
0
0
0
0
0
0.032393947
0.44996297
0.75019884
0.9468652
1
1
0.48949316
0.3404444
0.27137178
0.011482283
0.0019324763
0.12667863
0.4418066
0.5776845
0.5169324
0.5074918
0.5459608
0.64727294
0.595046
0.74324465
0.60932356
0.63957214
0.6569398
0.5930819
0.6623914
0.5716955
0.6382336
0.58275133
0.6036131
0.6401968
0.5347297
0.58398885
0.47757977
0.2171359
0.28140408
0.41672474
0.55444217
0.5989535
0.60460556
0.6284
0.69437575
0.68358487
0.64545774
0.7678702
0.5968204
0.5305141
0.74480087
0.66377556
0.64089847
0.7556735
0.68126965
0.7292906
0.7890013
0.5959737
0.475223
0.23997883
0.581724
0.9856726
1
1
0.97205716
0.91113853
0.86215603
0.7790991
0.7857068
0.73300093
0.7523105
0.5826075
0.78437597
0.5488937
0.82733727
0.51632
0.7049826
0.5182528
0.6603369
0.5502956
0.5403539
0.16920242
0.08581694
0
0
0
0
0
0
0
0.15667106
0.55877477
0.7375813
0.8585803
0.91818464
0.8322157
0.78761524
0.7017119
0.60619074
0.105649754
0.013397518
0.0029001222
0.0048527652
0.24385616
0.47319323
0.6674136
0.6501861
0.69811505
0.7134633
0.7279578
0.6512968
0.60001767
0.6520043
0.70355
0.7662596
0.7820315
0.8006567
0.8125204
0.813674
0.8033158
0.78658277
0.74190396
0.704937
0.51057047
0.36987802
0.20738952
0.4244921
0.47886565
0.52099353
0.5432488
0.6181943
0.6702984
0.73223436
0.7759761
0.7790651
0.72824985
0.76778084
0.74734825
0.76101434
0.79918015
0.7126303
0.69598377
0.66375184
0.8292995
0.7326186
0.84086466
0.48476294
0.4166299
0.52010053
0.7454384
0.7089243
0.75153154
0.59546095
0.66073596
0.5215949
0.70362854
0.5234501
0.3453472
0.41316348
0.48659834
0.74341613
0.6709415
0.7651669
0.71463156
0.777855
0.72013056
0.74324703
0.7631511
0.38643697
0.06967893
0.002044069
0
0
0
0
0
0
0
0.090353034
0.5870753
0.7235979
1
1
0.99948406
0.9958071
0.88669133
0.4142756
0.043473903
0
0
0.010128667
0.12315964
0.29818892
0.4668803
0.8013887
0.9244132
0.8525596
0.40860385
0.4186894
0.003139129
0
0
0
0
0
0
0
0
0
0
0
0.08741611
0.15913776
0.32987958
0.34322688
0.2880694
0.44651917
0.8026088
0.8433796
0.5421336
0.25858122
0.03689531
0
0
0
0
0
0
0
0
0
0
0
0
0.0644784
0.21667899
0.4446016
0.49894598
0.6430925
0.7415837
0.7600891
0.5225697
0.31065425
0
0
0
0
0
0
0
0
0
0
0
0
0
0
0
0
0
0
0
0
0
0
0
0
0
0
0
0
0
0
0
0
0
0
0
0
0
0
0
0
0
0
0
0
0
0
0
0
0
0
0
0
0
0
0
0
0
0
0
0
0
0
0
0
0
0
0
0
0
0
0
0
0
0
0
0
0
0
0
0
0
0
0
0
0
0
0
0
0
0
0
0
0
0
0
0
0
0
0
0
0
0
0
0
0
0
0
0
0
0
0
0
0
0
0
0
0
0
0
0
0
0
0
0.19580394
0.35644138
0.63276374
0.62285966
0.5892763
0.77795863
0.61582196
0.82299685
0.58829963
0.890178
0.60570335
0.7253189
0.5145502
0.70487255
0.49227968
0.7635856
0.5519342
0.7656048
0.5702959
0.6249188
0.63049775
0.034761623
0
0
0
0
0
0
0
0
0
0
0
0
0
0
0
0
0
0
0
0
0
0
0
0
0
0
0
0
0
0
0
0
0
0
0
0
0
0
0
0
0
0
0
0
0
0
0
0
0
0
0
0
0
0
0
0
0
0
0
0
0
0
0
0
0
0.07484675
0.54052025
0.4597597
0.8036875
0.5125108
0.8502895
0.65235853
0.8165504
0.7846936
0.625057
0.94421595
0.59943783
0.8012561
0.5558043
0.7216768
0.7116385
0.6471638
0.77800643
0.5767486
0.79452956
0.54139835
0.39532974
0
0
0
0
0
0
0
0
0
0
0
0
0
0
0
0
0
0
0
0
0
0
0
0
0
0
0
0
0
0
0
0
0
0
0
0
0
0
0
0
0
0
0
0
0
0
0
0
0
0
0
0
0
0
0
0
0
0
0
0
0
0
0
0
0
0.030395946
0.40295285
0.8682716
1
1
1
1
1
0.9986473
1
1
0.92085755
0.8793841
0.9985527
0.9876683
0.8973557
0.9024706
0.8726819
0.8188642
0.75339675
0.8134119
0.77606684
0.4126536
0.47091863
0.6482195
0.6407816
0.57368195
0.5862875
0.61770403
0.59025514
0.5868694
0.66647345
0.5680525
0.48420808
0.49423105
0.5256234
0.48070377
0.49767715
0.5022755
0.50663435
0.48325527
0.5074818
0.51600575
0.2348804
0.013480665
0.33865055
0.56206673
1
1
0.96750975
1
1
0.98004806
1
0.99945927
0.98866034
1
0.93419456
1
1
0.912118
1
1
1
1
0.5573924
0.72079575
0.62815714
0.9217415
0.8339838
1
0.87875247
0.8563681
0.8740049
0.7746154
0.82113606
0.70461804
0.79484135
0.60638237
0.723233
0.6265602
0.7620826
0.5658965
0.68917453
0.5864086
0.7555823
0.677131
0.42901614
0.309017
0.57331365
0.6928929
0.62350535
0.84374994
0.6214352
0.98377883
0.6940934
0.99481404
0.7351642
0.57237536
0.38364568
0.62265736
0.7039329
0.6816712
0.9361497
0.74672353
1
0.8081056
0.97225964
0.80101836
0.7239889
0.37665278
0.08199952
0.10099045
0
0
0
0
0
0
0
0
0
0
0
0
0
0
0
0
0
0
0
0
0
0
0
0
0
0
0
0
0
0
0
0
0
0
0
0
0
0
0
0
0
0
0
0
0
0
0
0
0
0
0
0
0
0
0
0
0
0
0
0
0
0
0
0
0
0
0
0
0
0
0
0
0
0
0
0
0
0
0
0
0
0
0
0
0
0
0
0
0
0
0
0
0
0
0
0
0
0
0
0
0
0
0
0
0
0
0
0
0
0
0
0
0
0
0
0
0
0
0
0
0
0
0
0
0
0
0
0
0
0
0
0
0
0
0
0
0
0
0
0.051065367
0.24886341
0.25118253
0.40371227
0.32357752
0.5191439
0.37734705
0.5726537
0.44371393
0.55960435
0.16963734
0.31240302
0.39984402
0.49945232
0.49079686
0.5629659
0.64172
0.5488646
0.75729954
0.52936804
0.73451525
0.2366006
0.4547974
0.5377903
0.33668256
0.6512421
0.5644007
0.73604584
0.7137315
0.7541657
0.7535343
0.6279168
0.32502675
0.0006795732
0
0
0
0
0
0
0
0
0
0
0
0
0
0
0
0
0
0
0
0
0
0
0
0
0
0
0
0
0
0
0
0
0
0
0
0
0
0
0
0
0
0
0
0
0
0
0
0
0
0
0
0
0
0
0
0
0
0
0
0
0
0
0
0
0
0
0
0
0
0
0
0
0
0
0
0
0
0
0
0
0
0
0
0
0
0
0
0
0
0
0
0
0
0
0
0
0
0
0
0
0
0
0
0
0
0
0
0
0
0
0
0
0
0
0
0
0
0
0
0
0
0
0
0
0
0
0
0
0
0
0
0
0
0
0
0
0
0
0
0
0
0
0
0
0
0
0
0
0
0
0
0.031468675
0.3534435
0.6509302
0.9490996
1
1
1
0.96698344
1
1
1
1
0.52785945
0.13206929
4.7581285E-05
0
0
0
0
0
0
0
0.034872614
0.3687504
0.560871
0.9022562
0.8228672
0.9760793
1
1
1
0.9995949
1
1
0.28708756
0.12679464
0
0
0
0
0
0
0
0
0
0
0
0
0
0
0
0
0
0
0
0
0
0
0
0
0
0
0
0
0
0
0.15862328
0.43652862
0.75382525
0.8650164
0.868061
1
0.9341263
1
0.81580377
1
0.9063238
1
0.34902146
0.08432455
0
0
0
0
0
0
0
0
0.15118358
0.43221813
0.75532234
0.86445993
0.98498243
0.8666968
0.9705465
0.955929
0.87263477
0.8710901
0.74074906
1
0.13895908
0.06823977
0
0
0
0
0
0
0
0
0
0
0
0
0
0
0
0
0
0
0
0
0
0
0
0
0
0
0
0
0
0
0.24476914
0.5563207
0.77790487
0.8915734
0.94970316
0.95069474
1
1
1
0.9929105
1
0.59977853
0.035352062
0.0323153
0
0
0
0
0
0
0
0
0
0
0
0
0
0
0
0
0
0
0
0
0
0
0
0
0
0
0
0
0
0.008931626
0.17900683
0.5773128
0.94627184
0.9183285
0.97651994
1
0.971312
1
0.8967276
1
0.7506249
0.22175536
0.011829084
0
0
0
0
0
0
0
0
0.0059589697
0.12235068
0.4982559
0.76740915
0.7534945
0.91112447
0.9164485
0.92755836
0.9244558
0.85756004
0.9626119
0.32815978
0.0039036414
0
0
0
0
0
0
0
0
0
0.005180283
0.001178754
0
0
0
0
0
0
0
0
0
0
0
0
0
0
0
0
0
0
0
0
0.0067484765
0.37671533
0.4969689
0.7473303
0.7962916
0.8411891
0.8204734
0.9842003
0.8172779
0.95039237
0.76394665
0.36380947
0.0003285505
0
0
0
0
0
0
0
0
0
0.055972192
0.3749496
0.74124193
0.8389171
1
0.99740744
1
1
1
1
0.9814133
0.6457175
0.0070141326
0
0
0
0
0
0
0
0
0
0
0
0
0
0
0
0
0
0
0
0
0
0
0
0
0
0
0
0
0
0
0.006536431
0.15234198
0.35358587
0.5733893
0.81590664
0.8428226
0.9016388
0.92103046
0.816594
0.9830708
0.87277216
0.49285972
0.12037428
0
0
0
0
0
0
0
0
0
0
0
0
0
0
0
0
0
0
0
0
0
0
0
0
0
0
0
0
0
0
0
0.105856255
0.35045928
0.48144978
0.8361753
0.861623
0.9517015
1
0.99137753
1
0.9913534
1
1
0.40056995
0.060314972
0.005949489
0
0
0
0
0
0
0
0.09041689
0.33013517
0.61435187
1
0.9348972
1
1
1
1
1
1
1
0.16869238
0.07431156
0
0
0
0
0
0
0
0
0
0
0
0
0
0
0
0
0
0
0
0
0
0
0
0
0
0
0
0
0
0
0.30125064
0.5632725
0.79113203
1
1
1
1
1
1
1
0.98161125
1
0.09707012
0.062129185
0
0
0
0
0
0
0
0
0.22510542
0.3491986
0.75702906
0.84104884
1
0.9604823
1
1
1
1
1
1
0.076491214
0.071761385
0
0
0
0
0
0
0
0
0.0036179624
0
0
0
0
0
0
0
0
0
0
0
0
0
0
0
0
0
0
0
0
0.016377686
0.2888443
0.4758901
0.7125994
0.958816
0.93931764
0.95766985
1
0.97832566
1
0.8906164
0.9504884
0.6358191
0.035887457
0.03173045
0
0
0
0
0
0
0
0
0
0
0
0
0
0
0
0
0
0
0
0
0
0
0
0
